100 100
53 1 23 98 13 61 22 85 13 92 81 94 47 0 52 75 44 50 7 58 42 3 30 21 11 57 87 71 93 58 55 15 46 80 76 12 18 67 33 92 18 18 24 63 34 9 100 59 68 37 84 36 70 46 68 46 97 51 19 69 92 44 36 15 23 99 31 5 7 9 84 74 80 93 45 8 83 68 65 16 85 68 65 3 22 89 94 22 20 74 65 98 31 32 61 34 39 3 56 16 
42 35 61 61 51 38 32 12 95 17 18 100 30 42 26 26 0 51 51 33 52 57 50 53 81 90 37 69 60 58 25 44 2 68 50 62 91 57 17 7 11 48 32 68 6 32 88 35 98 69 31 38 60 81 59 70 44 58 9 99 45 43 56 19 36 73 75 24 20 14 24 5 28 25 49 63 44 52 91 6 3 17 30 59 42 80 93 11 65 13 53 97 51 46 94 97 75 28 25 28 
60 3 94 5 26 65 2 73 45 23 65 0 13 85 29 88 84 29 81 20 63 92 83 14 34 71 43 83 34 79 40 94 81 96 98 58 23 46 99 20 9 12 61 41 11 58 24 13 100 29 18 62 81 19 100 49 95 100 0 76 15 19 57 62 99 86 98 97 82 20 38 52 6 89 8 71 63 98 35 3 61 71 48 99 25 57 0 44 4 15 48 59 66 32 48 65 46 30 22 28 
84 53 52 47 44 95 45 49 81 9 72 59 88 12 67 6 32 52 42 68 82 80 77 80 100 85 56 2 2 94 41 47 20 60 94 26 35 89 43 53 32 20 19 41 71 10 26 92 64 100 11 31 55 34 10 6 2 15 21 49 89 56 68 6 34 7 52 93 67 40 2 74 83 81 75 88 29 13 42 48 14 79 97 68 74 82 40 72 54 81 17 52 45 3 97 18 11 86 69 38 
71 62 86 98 37 18 63 94 56 83 90 32 23 20 91 99 65 35 82 99 95 75 31 91 48 21 41 34 75 62 90 84 33 7 10 44 9 90 82 76 85 76 97 79 67 64 82 3 39 50 50 86 28 58 61 87 85 32 51 0 96 48 69 41 61 92 39 61 62 84 86 50 2 3 27 10 82 24 57 0 94 48 37 64 18 10 89 57 65 25 31 31 45 11 31 66 32 20 92 28 
3 6 86 76 78 1 4 13 21 60 88 43 16 28 68 82 94 99 0 0 0 95 16 11 25 4 46 61 32 100 34 41 10 39 29 82 96 92 29 98 24 66 41 13 44 91 82 24 67 84 38 90 54 76 99 79 33 93 65 48 75 21 86 33 73 82 44 80 68 24 61 11 85 13 45 36 13 12 6 19 51 69 71 35 57 33 44 68 64 60 15 37 1 78 86 18 57 47 41 38 
43 15 16 58 48 90 45 37 54 90 60 90 42 30 88 74 58 51 33 76 8 30 3 34 23 67 92 69 62 22 74 53 49 41 74 47 78 8 68 34 25 88 10 20 67 75 2 41 27 76 97 18 72 75 58 37 60 40 45 20 1 15 35 38 95 59 6 50 66 11 21 11 15 35 95 68 72 78 4 54 50 2 68 33 8 95 41 2 93 55 11 48 40 73 41 47 58 43 45 72 
57 60 27 47 53 69 43 100 64 98 24 38 17 96 30 38 7 66 62 98 66 75 3 87 6 98 36 83 61 28 83 13 41 90 98 64 30 3 66 96 34 31 39 84 63 70 100 42 53 14 53 73 15 59 84 97 28 29 39 71 23 92 38 89 39 48 60 13 98 35 71 39 85 74 18 84 42 73 49 79 73 56 80 12 62 16 61 73 61 22 25 23 65 47 18 4 93 14 72 16 
86 93 45 51 11 70 69 70 89 62 58 28 13 38 31 66 32 13 49 56 41 62 17 84 98 8 5 23 12 65 36 28 23 19 75 9 87 25 82 77 15 56 93 81 57 62 83 7 2 18 26 26 41 57 86 89 98 90 80 41 35 24 0 89 96 59 21 91 3 2 50 89 56 47 64 37 66 33 22 34 34 3 47 95 72 32 83 100 91 89 68 79 93 95 25 26 47 90 5 65 
22 25 94 14 31 82 11 44 4 62 63 6 58 89 56 60 55 5 64 59 4 34 32 11 25 77 66 1 53 70 48 19 90 52 22 74 61 73 26 72 50 67 95 86 72 87 83 90 68 51 69 89 44 13 50 90 71 18 66 10 1 25 44 78 22 15 98 93 7 72 31 10 47 7 84 16 47 26 82 84 57 66 11 17 14 38 76 94 69 85 6 51 82 0 86 35 100 83 52 47 
79 5 77 13 26 43 87 79 77 80 21 81 55 49 74 0 10 34 69 79 3 38 70 23 38 93 48 41 91 50 33 52 44 0 2 48 94 96 40 66 10 27 39 58 65 77 30 82 55 25 41 48 90 32 5 19 1 54 65 59 75 96 97 2 23 40 78 35 82 29 94 46 8 99 45 65 50 7 64 76 11 1 53 37 88 80 38 49 37 88 78 12 54 98 46 88 81 63 58 83 
16 88 32 34 68 88 21 1 74 53 63 12 77 40 4 69 43 3 62 12 59 46 62 89 76 21 87 68 79 82 86 23 10 35 52 100 33 41 76 28 65 84 34 28 70 38 41 39 40 70 98 99 29 32 76 41 19 100 35 82 27 19 17 40 72 41 92 15 78 66 79 65 6 36 41 90 69 53 6 23 53 10 18 96 23 98 21 12 29 32 77 70 35 26 91 13 24 19 10 38 
31 22 48 74 0 30 82 48 66 55 19 74 94 2 54 37 30 75 56 68 24 36 85 0 85 65 93 97 11 98 80 55 75 10 12 43 57 85 72 5 24 76 78 31 56 76 17 2 43 73 27 83 34 95 37 10 17 41 8 50 41 16 50 83 64 44 100 56 44 1 55 50 78 26 44 25 8 19 64 16 24 82 8 58 81 12 80 65 74 76 60 60 62 26 34 34 24 75 87 22 
82 64 86 85 90 25 65 42 56 4 76 2 29 0 45 36 23 39 34 61 44 91 75 60 64 52 94 5 80 70 77 85 86 10 81 24 50 7 81 31 13 31 29 57 32 72 17 78 82 94 23 88 4 59 91 36 59 33 0 43 54 8 29 18 45 15 72 52 10 12 25 37 72 72 65 76 83 16 40 26 18 0 7 47 46 84 20 12 2 64 36 64 11 11 1 82 83 63 45 84 
17 52 82 82 18 95 94 62 28 21 79 56 10 47 9 10 62 49 21 44 9 80 68 76 37 10 65 55 75 72 77 26 41 32 24 13 77 70 35 86 24 27 27 52 67 35 31 95 35 63 18 46 20 46 60 80 4 49 15 28 46 19 31 73 28 97 82 53 7 57 92 10 94 71 100 23 70 63 96 87 81 26 81 51 93 81 13 35 82 88 99 89 9 33 59 64 56 59 66 64 
71 60 80 10 95 86 62 88 29 12 92 53 83 16 37 46 95 84 12 80 49 35 59 87 65 73 84 58 15 30 9 7 20 23 12 59 91 92 48 44 78 90 77 40 8 51 62 9 94 10 57 98 23 53 58 75 35 5 4 62 51 27 59 6 69 13 19 44 46 94 16 68 44 67 50 71 38 99 86 4 38 61 41 14 24 35 49 64 80 35 84 80 45 50 65 33 53 64 31 9 
33 32 59 27 87 39 35 8 65 46 82 30 40 68 74 43 65 18 68 18 35 85 65 18 79 35 64 48 99 85 95 22 93 71 32 68 8 86 96 81 97 100 6 90 58 21 16 35 57 89 71 43 59 24 44 17 74 87 75 95 92 94 21 10 50 28 9 96 8 1 37 89 22 57 57 0 52 60 1 68 83 65 98 31 3 68 58 42 53 58 73 89 30 91 41 98 43 88 55 83 
20 85 26 5 57 56 99 10 25 39 70 47 5 24 78 5 38 50 1 75 97 18 36 67 76 5 5 10 53 17 72 42 83 78 58 51 13 85 13 30 68 93 8 58 40 98 8 51 51 30 27 0 30 80 97 32 83 29 59 30 98 22 5 64 88 83 53 21 62 15 47 88 70 34 40 91 27 25 33 97 80 17 0 14 95 82 45 73 70 100 26 100 35 35 71 69 44 21 73 79 
50 7 5 9 45 4 30 37 90 96 53 51 69 34 47 77 54 41 18 52 94 34 39 92 27 69 47 61 79 4 11 68 97 49 15 59 23 46 86 58 14 39 82 90 30 48 82 42 40 41 45 98 61 94 69 97 98 96 85 20 92 40 88 7 11 11 0 42 31 40 13 93 19 86 71 89 50 16 0 18 93 61 63 50 84 98 48 65 49 97 63 83 82 32 70 69 71 72 86 2 
7 28 92 99 6 62 71 13 44 85 45 2 49 38 27 2 67 52 21 67 42 3 17 92 56 44 37 52 81 14 44 95 42 81 94 81 40 46 17 3 57 14 5 36 74 95 74 82 5 19 5 33 5 66 26 86 39 89 31 92 45 9 51 33 33 65 17 2 35 40 91 11 10 88 14 15 30 4 3 2 18 25 32 75 10 18 30 85 26 92 57 37 44 67 27 19 32 80 64 44 
67 37 31 96 68 25 80 72 78 41 77 72 8 77 53 93 34 91 20 82 89 30 11 14 71 32 47 56 29 54 26 84 97 71 5 6 82 16 28 32 40 42 55 62 96 38 64 14 18 36 3 22 88 83 100 6 40 5 98 26 28 95 25 92 58 1 17 36 81 0 19 33 62 87 19 94 20 62 10 10 58 17 98 42 71 50 71 38 77 67 37 43 41 46 90 63 12 91 93 47 
3 74 88 9 85 85 75 81 63 54 1 49 87 34 85 31 4 80 1 21 29 44 88 45 1 16 35 26 5 91 59 90 71 29 67 43 47 95 23 77 66 77 13 87 66 61 58 31 24 80 28 34 38 15 75 94 60 60 31 97 21 100 87 10 27 76 18 80 74 10 30 29 45 2 73 17 76 9 67 62 29 100 40 0 25 87 15 22 86 47 50 95 5 87 71 48 97 86 78 63 
18 9 43 30 83 54 83 55 32 1 53 61 65 96 33 4 9 6 14 69 33 100 35 69 71 51 28 38 65 46 99 52 95 63 63 69 69 22 30 34 19 49 7 22 6 84 46 84 63 96 1 76 30 64 71 7 67 39 75 45 28 59 68 1 35 35 70 80 45 94 70 62 54 84 36 14 95 40 59 93 31 98 82 94 83 5 71 2 26 76 96 98 31 78 18 91 61 83 58 55 
81 44 35 77 91 65 73 29 56 92 0 70 2 99 46 44 90 9 86 61 42 16 19 86 97 72 79 70 79 66 92 71 26 24 44 12 62 13 86 66 52 70 50 55 89 44 48 34 48 29 27 85 5 48 1 85 90 66 37 56 84 40 75 97 33 12 32 50 32 98 7 96 82 60 55 46 41 59 60 24 74 21 91 59 83 85 29 63 10 48 83 77 66 3 64 55 51 59 11 84 
59 95 85 36 73 23 22 84 77 30 28 38 79 11 42 58 44 29 62 65 51 43 29 71 45 94 84 5 6 57 18 40 84 15 99 10 98 76 33 26 37 90 27 35 29 35 19 86 36 55 53 6 95 22 60 34 48 3 87 25 25 38 25 76 18 93 43 2 49 72 44 85 53 69 29 78 48 83 16 52 60 29 41 41 67 44 48 2 9 57 41 43 57 33 47 61 41 27 77 41 
50 18 59 18 9 7 56 54 16 91 68 21 95 49 1 21 0 46 17 32 62 65 77 1 12 36 5 25 76 84 83 14 44 28 99 82 3 67 91 53 9 12 54 98 55 100 77 8 39 53 97 40 87 46 45 56 70 84 91 47 48 79 62 0 90 49 79 82 85 72 94 73 64 69 10 100 83 14 74 80 0 25 39 1 62 7 18 14 91 42 6 49 73 16 30 32 63 72 58 40 
3 8 6 83 25 19 1 82 76 35 1 20 93 29 74 1 63 89 52 79 66 74 31 91 36 72 40 96 11 61 35 73 57 41 37 59 69 49 98 25 38 6 21 64 85 93 52 97 6 68 75 12 24 88 24 56 58 26 97 6 41 88 15 95 94 80 96 79 77 66 97 12 0 11 9 0 99 48 49 38 30 70 82 26 4 36 58 1 1 62 70 36 40 24 25 77 67 98 36 99 
95 98 63 30 44 39 92 37 4 23 82 100 42 46 31 54 95 59 11 59 0 72 93 88 6 2 78 84 74 98 61 15 40 72 89 18 66 78 62 7 54 71 71 4 13 18 33 86 92 10 48 75 25 3 55 73 54 19 34 34 4 92 95 77 56 32 14 79 44 93 5 80 50 89 46 22 93 100 50 79 95 31 95 45 76 20 50 96 65 98 45 29 10 54 92 96 77 88 7 56 
93 20 98 93 38 90 13 26 46 75 50 97 9 55 17 23 42 95 9 29 56 41 47 3 62 54 52 66 27 13 62 24 34 63 82 31 79 37 50 24 11 67 16 20 44 60 76 67 98 75 16 55 67 73 53 39 68 88 65 6 98 67 0 98 88 88 29 19 62 93 71 75 92 1 30 67 56 95 39 88 86 42 52 80 7 22 34 98 68 81 26 86 62 77 38 21 54 2 16 8 
44 66 69 75 79 25 2 1 71 62 1 58 53 73 1 52 79 34 74 47 91 11 20 49 99 29 0 88 63 26 12 34 48 34 21 10 39 43 57 68 13 15 88 57 72 4 81 37 12 30 33 43 86 5 11 100 79 46 61 49 69 92 12 27 97 71 60 100 84 50 47 54 86 88 82 35 25 41 51 61 28 10 49 29 26 15 96 29 65 21 37 77 27 71 34 67 55 16 87 84 
10 47 44 81 54 29 37 67 68 66 94 31 82 21 84 15 23 1 14 43 24 66 55 31 3 97 91 21 77 3 52 68 21 53 3 100 65 38 34 81 68 28 92 11 82 81 68 24 5 37 96 80 1 90 39 24 55 82 22 96 66 0 75 34 85 68 31 93 17 22 87 36 5 95 40 2 6 65 89 41 86 48 47 18 57 38 99 95 45 94 38 17 77 78 63 92 1 19 60 67 
73 88 83 33 68 2 10 72 4 63 96 44 45 79 40 28 81 58 2 72 98 16 60 25 21 34 63 51 86 13 48 75 72 36 79 75 27 20 62 49 8 15 1 17 38 52 0 86 87 46 64 81 86 22 78 89 87 10 33 77 14 23 47 17 95 85 60 92 31 2 29 91 18 34 85 52 88 9 9 39 84 32 18 70 60 49 87 5 33 73 49 22 13 23 53 21 36 15 38 94 
39 62 8 75 40 52 11 14 62 9 98 34 95 41 49 100 98 16 78 14 1 30 28 98 1 14 18 77 58 24 77 59 19 53 5 83 35 11 88 24 36 77 11 48 16 34 84 56 27 99 76 44 58 61 79 38 97 58 95 94 80 96 8 100 25 40 17 90 76 3 67 54 20 47 67 18 35 85 70 71 68 64 70 94 30 16 26 55 91 1 61 75 92 72 19 72 28 7 16 76 
88 0 84 31 58 43 11 52 38 41 19 31 94 92 1 66 22 33 69 98 18 39 84 98 81 63 86 6 83 15 35 71 82 56 77 95 26 25 72 85 66 70 97 59 79 29 33 77 89 0 76 92 34 32 65 73 37 100 61 31 38 3 48 96 46 53 10 62 78 33 93 82 81 48 53 50 11 76 2 85 16 5 20 10 28 10 72 25 97 54 16 65 41 20 40 33 12 48 59 66 
94 29 88 51 55 95 63 93 49 39 28 21 44 41 53 45 88 34 6 8 54 6 20 2 27 88 22 91 57 31 51 87 48 69 57 35 41 42 97 72 18 3 34 40 87 16 2 53 5 33 14 73 47 87 66 43 50 27 11 78 76 9 18 97 54 13 90 90 2 50 60 52 95 66 47 57 26 62 57 21 59 76 20 89 78 2 57 11 59 96 37 98 10 31 94 97 45 10 100 41 
60 68 72 33 31 64 87 46 63 36 59 45 49 46 7 2 54 0 64 31 92 44 99 89 87 51 94 52 97 98 54 30 6 35 19 54 94 16 8 16 96 19 28 57 33 62 45 47 27 23 60 88 47 42 32 68 58 51 70 52 83 13 75 22 98 39 22 63 80 99 46 72 99 52 76 36 86 3 17 60 26 34 38 68 10 5 68 63 3 60 20 63 25 84 90 86 37 94 82 67 
33 28 32 18 47 55 95 83 28 60 88 28 33 34 48 70 62 1 94 48 85 15 46 37 12 54 27 97 41 35 13 11 1 26 36 41 50 92 7 76 79 62 7 53 65 80 14 59 51 1 72 97 73 60 94 93 67 85 42 62 70 24 54 97 1 92 25 27 87 53 92 79 49 96 92 46 33 4 12 68 4 57 25 64 99 22 48 50 64 53 29 26 51 8 100 83 61 61 50 46 
10 0 60 41 70 19 100 83 84 69 91 99 69 41 69 44 33 11 90 71 65 92 68 57 73 48 18 9 38 99 90 57 97 82 12 40 11 42 59 96 27 28 41 93 89 97 32 55 43 83 25 67 98 29 51 61 74 27 64 66 55 75 47 99 27 23 96 24 13 72 61 92 69 39 82 56 38 56 66 43 2 26 30 69 11 97 76 47 54 97 46 3 71 10 44 63 46 1 7 46 
57 91 34 6 25 79 39 88 68 53 62 7 46 27 83 50 57 63 67 21 10 27 4 35 2 43 98 49 42 62 8 98 68 65 64 50 71 58 66 84 69 57 86 87 6 82 9 14 39 21 8 32 4 73 29 84 68 50 79 73 83 42 93 62 98 6 98 49 38 54 30 42 70 22 58 69 47 27 0 21 79 37 99 46 46 24 53 16 97 19 65 20 30 82 45 55 12 49 3 96 
82 56 73 20 35 30 38 5 81 52 14 61 12 87 65 30 37 49 78 55 9 56 10 20 87 76 33 16 36 73 53 60 0 42 99 61 28 70 14 33 74 54 45 57 52 54 28 79 40 61 46 44 68 84 0 62 22 74 78 0 82 10 64 17 78 8 76 58 98 53 75 91 48 33 62 16 27 9 83 67 78 86 24 83 90 11 82 35 42 91 24 68 44 32 24 59 56 85 29 11 
13 8 41 83 80 26 29 78 72 83 67 43 0 83 55 26 19 92 85 31 6 98 84 25 12 43 73 8 50 69 43 41 99 79 13 17 84 73 97 88 40 93 68 85 79 91 86 64 47 92 62 60 53 0 42 43 88 78 2 76 23 19 27 12 84 8 23 56 4 54 76 1 17 9 52 86 81 25 79 83 63 96 37 16 72 52 17 30 75 54 76 63 7 37 76 97 100 52 64 81 
81 0 17 60 18 36 22 100 39 69 83 69 6 48 20 58 59 6 70 70 22 18 39 85 51 6 59 96 6 53 61 31 64 23 14 3 87 21 78 16 38 89 85 36 27 90 62 8 12 2 94 60 15 88 19 4 81 14 14 40 26 83 94 2 95 80 93 27 58 87 16 75 25 96 97 34 75 66 56 87 51 91 96 20 39 56 14 44 36 67 31 41 88 67 7 95 95 42 37 48 
3 34 9 22 28 39 64 45 89 21 99 20 90 54 77 96 62 50 97 63 79 24 30 65 95 23 99 93 38 69 23 58 37 66 58 18 84 7 4 3 69 78 0 28 35 76 60 35 35 42 68 91 17 85 65 97 60 46 15 57 39 51 26 91 36 89 65 79 68 64 63 75 20 12 71 52 43 39 81 5 61 19 14 62 65 70 85 74 47 49 53 45 72 72 37 73 41 33 78 81 
25 8 78 28 75 20 45 9 68 85 62 38 54 89 1 67 42 35 60 5 1 44 13 61 4 91 47 19 57 27 47 33 50 28 93 98 83 19 45 99 21 93 82 92 50 71 15 93 13 54 50 7 12 48 68 18 75 95 51 88 38 27 24 0 22 60 50 46 89 7 38 43 21 46 30 55 91 45 97 92 94 24 53 84 48 91 7 80 96 35 71 52 74 52 87 37 71 78 62 20 
49 62 48 11 16 63 49 98 65 71 55 98 60 82 68 2 84 79 61 57 25 56 41 20 85 41 81 25 57 55 51 17 16 81 13 4 42 93 91 33 28 69 33 58 52 15 10 15 71 37 25 9 4 99 19 93 28 83 63 44 80 60 66 1 28 96 59 62 43 55 20 76 48 79 4 4 7 36 77 92 22 4 26 42 51 60 75 66 14 68 41 45 5 27 69 3 39 1 16 71 
27 82 15 54 66 48 28 24 7 10 23 30 44 75 16 96 0 47 1 90 57 96 49 32 91 30 56 69 100 33 53 30 42 80 55 13 1 12 63 50 8 76 68 35 83 18 10 21 81 45 45 87 96 43 20 98 27 83 23 64 13 29 87 50 41 79 40 77 99 7 82 15 99 29 96 14 16 19 76 21 80 80 100 46 17 62 96 66 37 6 78 61 74 5 81 6 50 89 5 18 
1 46 31 31 4 73 5 59 12 59 99 42 57 72 48 36 2 4 27 27 43 37 11 31 23 60 70 71 85 12 4 34 84 86 84 27 93 21 36 80 60 3 30 12 94 68 68 19 24 53 100 76 4 85 67 88 67 37 22 87 6 2 92 98 6 11 48 24 22 94 18 30 42 52 87 50 97 28 89 43 63 69 87 17 47 12 0 91 55 53 67 24 3 40 36 16 66 89 21 71 
48 16 28 12 24 36 38 81 98 51 17 0 73 82 80 56 37 48 93 31 38 80 81 66 84 83 74 32 31 44 94 41 84 70 53 61 46 51 6 93 30 83 65 80 52 35 92 66 1 75 4 58 67 13 57 56 45 5 21 42 86 67 39 90 94 95 69 63 36 13 71 83 93 0 83 38 19 6 42 14 3 2 11 58 40 94 60 23 12 0 34 92 27 49 47 67 9 86 82 80 
47 31 44 34 95 51 49 58 37 46 50 75 4 9 57 67 12 42 66 70 40 72 18 95 64 13 14 5 11 86 17 81 0 49 29 70 51 51 61 71 51 26 41 87 95 46 12 70 12 80 89 36 70 81 68 94 12 12 71 29 40 70 12 50 19 14 8 16 59 65 63 97 20 39 78 56 84 33 2 7 42 5 63 50 39 10 31 33 97 13 18 19 21 82 75 91 61 91 71 72 
73 66 36 87 60 97 11 54 31 88 27 93 18 41 69 33 0 100 67 17 75 10 58 42 83 59 58 55 55 57 67 98 86 40 15 78 86 82 17 70 11 11 82 37 86 79 64 2 45 32 85 48 22 62 70 94 32 64 3 69 76 91 24 46 30 35 25 26 31 93 13 5 79 30 84 39 83 73 50 31 100 27 49 76 45 71 30 37 8 47 1 47 72 99 53 26 22 20 81 51 
36 85 23 46 33 3 91 62 45 17 45 31 76 3 71 61 75 89 8 22 24 53 60 50 52 33 98 19 50 74 2 30 88 100 12 19 32 27 42 89 3 100 99 0 37 52 14 12 81 60 51 66 14 63 72 73 28 32 10 69 18 56 11 46 63 57 15 79 4 34 95 58 94 10 77 24 41 59 9 12 23 43 24 91 96 21 21 27 98 51 72 3 73 88 83 25 10 89 6 53 
62 96 59 39 56 49 31 72 17 65 71 31 58 70 35 21 14 56 75 32 1 20 13 35 39 23 6 87 29 10 43 8 1 67 48 88 75 63 54 64 49 21 72 82 11 66 65 51 86 29 26 72 87 39 32 31 23 71 1 48 94 95 29 55 76 48 8 29 80 95 97 52 75 79 64 31 87 97 92 1 91 32 70 95 26 17 17 47 11 66 1 96 97 42 13 38 32 56 77 63 
86 8 23 9 24 3 98 42 82 23 68 62 91 10 12 42 4 69 78 42 82 11 76 59 0 42 33 36 35 7 63 35 13 54 23 99 66 39 48 76 88 23 75 66 9 85 13 16 47 64 62 72 10 34 51 68 9 39 43 19 50 68 59 4 19 26 88 50 97 22 35 58 29 25 83 16 4 41 36 88 56 62 21 65 37 18 74 88 87 40 84 5 21 52 46 92 95 26 34 47 
13 76 27 19 88 79 45 66 97 52 93 64 26 45 57 16 27 85 36 94 35 69 33 73 54 35 99 24 85 96 58 77 55 97 89 56 55 17 81 85 84 76 76 58 19 16 10 7 78 95 98 37 56 28 81 67 80 58 57 44 32 6 51 19 14 15 52 88 6 53 88 77 31 40 79 61 10 5 94 26 92 93 8 25 22 73 3 58 94 63 46 14 78 15 70 26 79 7 77 80 
71 1 9 84 11 37 85 24 57 14 78 83 41 9 12 48 59 21 83 16 98 67 84 45 69 0 81 65 8 13 23 22 18 54 68 43 46 27 66 52 23 47 62 60 10 18 39 42 71 85 33 84 79 11 83 89 60 90 22 9 25 69 46 55 6 95 78 20 46 20 11 25 94 44 34 22 42 33 61 17 69 14 25 19 36 8 60 68 26 68 49 69 27 27 18 97 69 68 46 95 
56 15 90 57 39 59 13 35 83 42 57 66 25 51 86 80 80 93 36 45 0 41 89 99 56 67 24 63 10 9 60 69 54 97 14 9 46 6 18 21 69 60 41 63 56 58 7 43 80 42 11 21 17 12 14 42 88 54 10 99 89 53 74 10 56 42 50 65 79 59 45 72 72 3 53 55 29 25 40 67 25 96 75 1 62 89 8 65 14 93 74 66 63 64 69 26 95 48 46 6 
88 34 33 76 10 62 46 59 46 7 22 40 8 69 38 4 1 91 52 23 75 98 56 63 16 56 60 27 93 88 29 80 43 84 54 87 13 35 91 40 81 89 11 28 77 14 31 17 37 52 4 88 10 74 39 38 3 28 27 43 73 35 15 56 73 78 4 65 94 54 16 91 41 20 72 4 59 18 2 17 65 82 23 48 93 65 87 1 25 17 63 20 82 21 2 71 38 86 52 42 
27 70 72 72 7 30 70 71 47 9 12 49 94 1 47 99 2 97 80 67 100 40 67 20 53 34 24 84 96 94 53 24 31 82 1 70 73 59 72 14 24 47 24 49 72 79 31 26 33 65 99 34 100 13 21 50 95 7 49 57 32 88 67 4 8 13 41 34 98 74 21 26 78 32 84 98 65 83 77 87 89 65 91 5 42 92 82 99 3 45 66 3 23 77 30 55 48 5 67 86 
21 24 26 35 83 0 50 80 82 8 19 54 80 77 85 79 44 14 0 56 73 91 24 25 7 3 36 9 75 35 0 31 10 5 16 53 85 42 13 23 45 62 89 86 40 25 17 93 76 2 30 79 28 17 61 62 15 60 10 1 42 80 13 41 75 9 20 41 8 62 2 11 53 86 94 44 92 30 52 30 75 95 1 68 83 12 19 75 9 81 76 14 41 9 85 46 29 5 44 76 
33 63 93 37 53 4 52 80 9 21 79 65 74 83 100 43 54 55 87 96 9 16 52 65 76 45 62 51 77 60 93 81 85 4 58 98 92 66 7 87 63 11 97 9 7 53 80 90 95 44 86 68 22 52 65 74 19 54 98 88 84 74 76 16 82 26 26 97 89 44 24 46 93 31 82 19 8 82 97 48 82 63 32 80 60 56 84 82 10 51 48 56 17 60 28 10 99 80 85 70 
97 40 98 40 25 33 1 56 89 82 4 9 33 58 99 13 4 6 23 38 96 84 43 40 98 36 84 70 12 8 35 97 5 17 83 18 68 39 54 67 24 77 70 5 99 45 99 33 87 38 44 41 41 55 86 32 77 12 45 92 89 14 70 68 43 27 51 55 38 56 93 25 75 31 52 63 2 69 53 61 88 95 5 24 92 44 71 24 71 88 11 61 81 1 38 74 50 36 32 21 
73 94 16 18 63 6 55 28 58 76 84 100 80 9 45 3 32 66 32 41 52 14 53 14 94 43 23 37 78 7 97 28 60 91 91 40 31 88 84 80 32 46 25 11 75 78 50 68 61 42 38 49 13 59 25 40 13 49 75 51 20 42 78 46 96 2 10 34 4 62 72 12 75 25 22 90 47 80 55 6 80 29 42 26 15 42 83 92 18 26 30 85 25 22 32 19 73 25 74 38 
48 46 33 33 95 58 65 39 34 93 83 39 73 68 3 24 59 99 15 56 37 0 43 23 60 33 4 88 16 20 30 64 97 30 77 40 66 83 4 91 39 63 43 75 84 61 33 81 90 11 27 37 99 90 61 32 59 18 53 54 77 90 69 50 72 26 38 59 74 23 28 17 15 100 79 54 66 23 43 29 5 3 98 63 100 76 88 99 18 73 51 13 93 82 81 47 53 96 17 28 
21 42 7 31 13 77 35 47 49 56 16 61 48 13 89 44 3 99 21 99 18 37 56 37 44 8 55 53 69 47 15 92 67 36 29 23 24 58 8 64 95 80 23 77 35 59 37 65 66 1 66 89 5 78 98 70 52 0 60 96 19 49 60 14 47 82 61 43 55 48 81 30 10 25 51 31 25 80 8 64 62 2 95 2 89 81 64 40 26 57 11 87 100 77 34 72 87 2 76 75 
66 79 28 42 54 65 92 81 21 75 61 7 99 26 60 98 17 91 49 13 10 26 28 84 20 77 8 53 91 96 25 62 8 24 95 91 2 52 55 34 92 99 77 40 52 95 56 78 21 26 59 6 29 75 70 27 48 42 93 95 41 62 54 55 6 25 18 36 63 46 22 97 16 98 33 44 80 93 71 40 9 6 50 74 68 93 70 29 12 55 8 17 72 54 5 93 7 26 88 96 
86 19 17 19 67 79 17 82 10 51 17 4 14 72 89 75 9 57 80 43 68 31 81 2 97 85 42 86 40 62 53 58 42 88 11 95 76 99 39 44 82 81 74 91 53 69 33 36 35 93 52 88 46 38 58 96 66 3 87 19 99 21 51 73 27 52 12 27 19 84 97 2 41 52 66 51 44 43 53 1 13 40 16 5 75 17 44 100 3 65 56 67 26 33 71 10 97 16 63 30 
36 81 79 16 81 75 62 86 6 4 29 79 45 78 94 35 36 71 19 61 17 54 90 69 100 60 50 51 18 11 19 4 65 29 61 52 18 11 78 16 17 49 91 14 66 57 79 11 60 66 57 78 13 83 54 99 39 35 5 47 23 15 11 92 91 36 68 37 17 25 76 32 12 33 9 35 70 59 26 6 44 35 75 9 35 82 83 31 31 79 44 19 69 89 20 59 43 7 65 99 
77 51 19 11 73 86 64 76 20 36 15 50 10 17 21 28 26 48 25 10 66 22 99 53 12 70 26 35 23 54 38 0 71 10 26 94 49 58 85 29 52 67 53 19 76 63 23 79 6 99 5 3 72 88 90 23 73 44 51 81 69 55 56 1 3 39 88 42 67 3 8 29 91 48 74 49 79 55 67 18 52 85 17 23 57 68 58 56 20 53 63 37 30 0 90 77 83 19 36 88 
30 13 97 64 18 66 69 75 11 46 59 94 49 82 34 0 29 90 62 42 2 50 98 15 68 81 36 34 5 58 61 11 8 85 33 36 59 19 88 43 47 12 49 2 49 72 41 80 48 28 76 87 11 44 43 83 71 60 90 11 26 68 94 31 44 88 28 13 21 41 4 71 20 34 92 89 69 81 51 91 2 4 42 39 49 43 57 51 13 21 61 27 94 19 87 13 35 16 69 90 
46 9 99 89 20 43 82 5 73 43 40 8 41 32 35 86 94 77 15 42 42 57 81 58 90 9 51 60 93 41 15 40 100 25 25 23 51 5 0 97 42 53 85 35 21 79 30 7 25 63 95 10 25 49 55 58 88 13 73 93 32 86 32 66 8 25 78 94 94 9 23 57 91 18 91 96 95 54 54 52 37 41 17 30 14 3 84 78 7 45 60 86 100 76 82 72 0 86 43 64 
69 27 91 6 18 88 19 88 99 67 12 62 97 65 50 31 10 80 43 41 71 45 71 49 45 48 4 91 67 10 36 29 15 4 69 54 1 13 60 28 24 40 64 41 59 16 2 86 17 63 3 0 60 80 86 55 28 40 96 90 36 74 96 90 61 53 27 30 88 55 20 43 9 39 97 93 20 77 69 43 80 35 48 3 10 27 5 11 73 55 66 74 98 32 81 90 20 66 75 78 
26 61 7 11 34 21 84 35 45 76 89 23 39 53 54 62 98 26 39 55 9 34 47 11 15 70 47 29 82 47 100 2 62 27 26 43 88 55 95 39 5 14 30 7 11 39 82 22 0 83 7 57 99 76 70 22 63 4 33 42 40 95 30 79 19 51 33 93 92 47 48 63 30 14 38 77 25 86 23 100 90 5 35 8 29 2 88 88 10 41 48 76 90 3 83 17 42 94 77 59 
13 12 90 55 85 13 46 100 43 53 65 67 44 8 86 43 12 50 27 18 0 56 14 92 22 61 2 28 97 64 50 79 26 95 50 90 54 48 53 94 82 49 71 86 18 85 20 63 11 86 26 14 83 36 33 47 75 32 59 36 100 95 90 3 95 84 80 40 12 49 51 92 8 36 16 50 48 57 15 69 5 10 68 3 36 55 57 70 99 18 7 89 42 59 34 5 74 21 5 45 
15 40 69 76 24 55 83 36 80 6 98 54 84 48 67 5 98 20 93 6 62 56 12 74 48 56 39 65 35 83 90 88 86 71 1 77 60 7 8 61 41 48 80 43 75 59 85 77 8 13 76 0 85 97 2 67 92 13 10 71 65 37 75 45 29 5 5 30 22 81 67 78 100 93 78 55 21 75 38 88 37 45 30 0 59 85 58 32 90 18 27 79 22 43 22 58 14 71 98 83 
79 39 83 87 50 100 51 20 13 28 35 80 18 75 34 25 96 75 0 9 29 87 29 24 46 19 36 86 29 23 5 84 11 89 65 76 25 100 9 64 34 28 48 17 33 44 83 19 18 12 7 97 76 61 15 75 31 21 45 74 7 77 15 7 97 92 69 64 39 35 2 15 40 50 35 49 76 93 45 35 95 79 27 43 96 14 24 18 68 72 99 6 34 97 35 73 6 8 18 22 
48 5 42 66 33 85 53 8 10 97 39 67 38 14 54 30 98 2 21 81 79 44 1 16 0 75 12 69 18 35 25 31 48 37 9 11 51 63 97 77 40 34 90 52 53 43 25 47 96 64 42 44 59 47 25 24 84 61 77 36 86 88 53 21 57 32 76 93 27 86 37 65 86 80 64 38 87 82 98 11 76 51 17 92 46 78 69 91 89 2 55 31 12 14 28 32 77 22 30 31 
66 36 38 32 48 60 14 32 83 52 48 54 68 26 61 20 73 78 92 93 41 12 36 42 84 72 39 2 93 74 18 67 12 87 48 34 18 94 76 8 80 77 79 2 71 59 50 22 90 89 37 90 7 74 21 9 24 77 47 26 53 28 35 22 13 87 75 4 90 14 9 100 90 62 84 97 69 5 68 64 12 74 62 61 51 40 87 48 84 79 30 58 66 63 68 90 51 65 11 74 
86 7 38 54 100 3 29 61 27 80 6 20 82 74 95 99 82 75 80 24 81 83 65 73 61 30 92 23 93 29 21 23 21 41 10 100 38 31 7 28 44 63 32 6 33 95 76 47 83 6 87 76 58 54 18 40 52 13 54 14 81 76 40 75 13 34 10 5 51 20 64 1 34 74 18 1 36 49 35 19 48 7 54 62 96 2 28 45 87 12 96 29 17 76 73 4 12 84 33 49 
92 88 54 53 65 9 15 22 44 43 91 21 28 89 6 66 97 50 42 93 100 66 30 66 36 9 50 55 96 3 78 26 8 28 3 46 94 24 81 81 90 16 44 39 57 34 94 58 77 62 88 99 49 30 98 28 37 11 6 83 83 16 36 25 87 42 16 45 88 47 24 81 94 68 30 77 100 9 25 41 1 43 74 60 34 77 67 13 35 83 10 28 96 41 79 10 19 41 44 16 
63 70 82 47 5 97 65 96 34 3 19 67 6 62 6 58 32 87 44 49 15 3 48 2 40 27 99 79 52 72 5 23 22 65 14 24 55 14 15 43 38 69 9 66 94 90 12 29 17 91 32 33 53 19 39 86 0 98 22 41 83 46 20 66 27 99 5 54 75 72 4 54 22 20 5 46 92 37 49 55 57 70 78 2 39 25 10 39 91 83 9 81 65 51 20 34 41 62 72 35 
6 18 40 50 26 6 33 82 19 28 65 84 59 62 38 65 32 69 48 54 53 85 16 58 4 29 73 19 87 16 49 45 19 13 72 54 53 16 64 23 14 8 58 13 76 12 70 79 55 25 66 30 75 27 27 17 12 4 91 56 70 87 69 20 46 60 51 54 25 64 40 88 26 71 84 64 93 79 98 11 34 71 89 39 17 25 95 58 80 76 99 34 21 55 32 23 14 16 47 45 
24 39 15 18 64 71 38 16 96 42 17 15 76 66 79 89 23 27 90 53 37 2 31 56 79 85 71 75 59 16 20 84 33 90 47 54 74 35 7 100 1 87 7 80 89 53 43 94 30 66 64 68 58 19 37 96 74 87 60 79 31 50 56 26 80 32 68 5 86 66 18 62 96 33 14 87 62 79 50 16 37 33 48 6 51 78 100 32 97 64 38 75 71 28 82 96 28 79 49 76 
43 78 67 65 52 61 52 62 44 22 78 64 36 76 3 47 2 31 11 64 3 94 18 76 7 11 9 95 86 59 32 27 79 23 14 39 96 60 28 56 62 80 33 7 82 85 87 61 66 88 37 74 8 84 35 89 21 70 88 55 1 54 80 99 67 91 45 5 32 81 96 87 56 95 37 9 26 61 21 50 98 22 42 15 11 37 37 94 15 80 50 84 16 36 27 82 79 91 56 41 
15 13 89 57 0 55 30 58 95 73 20 25 39 12 0 80 36 26 80 62 53 76 38 30 52 30 100 44 51 73 24 10 51 18 32 39 14 41 42 80 70 53 51 100 15 48 35 43 27 45 99 28 13 49 76 54 90 25 46 53 65 64 94 10 15 11 82 91 26 77 58 7 47 11 39 83 82 80 63 28 71 99 93 68 6 11 43 94 23 81 70 16 41 57 67 33 14 90 66 48 
86 52 66 23 58 34 57 99 50 11 21 35 36 89 80 4 91 92 0 0 22 60 57 91 51 39 99 60 15 83 17 36 35 11 16 5 14 95 55 18 74 53 26 61 56 51 82 20 68 2 6 79 31 57 31 89 72 60 11 69 7 94 44 84 37 54 44 77 41 92 61 80 30 59 3 78 31 64 71 33 23 93 71 11 41 38 44 33 37 88 2 9 70 1 63 37 54 63 1 18 
54 37 31 93 2 60 56 67 83 5 16 22 54 48 19 93 74 46 90 97 90 29 48 71 16 98 34 49 86 36 47 86 35 30 66 87 6 72 18 46 100 45 53 55 75 76 24 89 72 45 23 1 87 72 29 5 34 97 61 49 39 6 20 9 1 96 54 59 48 51 60 30 81 98 11 89 2 72 40 59 46 78 79 86 67 34 28 51 20 99 96 56 88 44 13 67 70 32 7 79 
13 2 13 42 98 0 93 67 6 25 55 45 76 50 32 93 68 67 70 13 83 53 80 76 24 95 88 67 28 2 17 98 18 81 88 49 39 84 48 92 4 90 42 61 80 11 61 46 14 31 51 43 17 29 89 51 73 10 80 87 53 18 21 53 34 52 92 44 27 9 91 21 81 31 85 59 75 23 19 61 7 3 57 60 52 7 11 23 70 97 63 67 47 16 70 67 29 35 31 58 
25 60 82 46 38 95 58 90 58 61 73 82 13 36 91 6 88 23 94 39 8 37 92 97 67 99 9 18 56 98 24 45 92 100 29 86 44 51 48 57 28 5 69 93 88 96 29 45 17 85 74 54 0 57 53 48 67 4 32 40 91 70 35 41 38 59 0 45 77 59 25 6 63 72 2 8 3 10 10 53 20 72 39 35 6 68 72 58 81 55 86 15 91 78 21 90 64 20 23 80 
55 14 61 56 22 98 85 86 69 50 44 100 65 58 78 73 72 33 20 26 5 14 9 62 37 27 23 68 22 88 40 23 49 93 19 80 30 43 12 19 13 55 95 25 0 42 62 14 18 25 75 33 61 16 30 54 17 52 83 84 70 12 99 0 82 5 12 59 46 51 58 27 11 31 89 0 34 47 84 26 13 66 71 100 10 23 76 22 94 28 6 36 1 87 75 92 89 79 44 98 
27 40 41 92 84 39 96 44 52 92 83 47 66 100 17 100 58 69 97 9 97 27 63 34 77 51 1 53 64 40 57 47 80 82 16 85 24 71 59 20 26 29 3 96 22 31 36 44 47 67 83 75 39 36 0 65 13 16 63 42 51 36 43 58 47 17 10 8 86 99 19 46 84 93 85 68 99 70 85 33 57 91 5 35 38 59 80 78 70 25 27 5 30 34 64 56 77 57 77 67 
98 87 75 48 81 71 38 65 67 13 18 90 85 60 32 89 16 11 31 99 44 28 59 9 72 3 2 62 41 38 63 63 40 5 31 83 56 46 68 60 53 98 99 41 60 67 0 4 74 36 96 32 0 66 4 15 84 46 44 4 85 61 11 10 12 31 19 49 24 83 45 16 10 14 34 49 30 67 71 10 67 9 49 57 63 35 51 20 8 54 36 52 55 3 32 82 89 86 84 29 
68 3 74 97 77 51 93 37 69 11 48 3 15 26 52 59 52 14 41 22 89 97 6 34 46 3 98 15 95 21 53 25 31 31 22 43 70 4 5 24 66 28 32 80 3 9 64 59 1 93 49 10 64 71 26 31 32 46 11 44 74 61 91 24 13 22 12 7 33 95 26 57 91 69 0 10 98 41 95 100 71 19 65 80 29 83 25 77 49 91 7 3 6 33 86 48 70 4 70 81 
63 51 65 38 65 29 46 55 68 43 5 93 82 14 94 63 23 53 58 1 86 3 44 68 98 29 42 94 51 87 92 93 78 4 41 17 98 31 92 12 13 59 55 2 1 67 95 98 31 40 50 27 44 14 35 88 17 90 61 19 97 40 38 33 66 24 16 22 43 36 52 27 71 79 51 26 87 81 62 38 88 14 3 100 51 89 58 73 61 60 36 71 99 47 42 13 13 25 59 61 
26 21 68 26 20 6 89 100 91 7 67 55 5 67 33 89 31 92 99 15 54 47 70 59 51 73 38 66 34 14 11 59 100 12 25 30 8 13 54 19 98 82 94 30 68 46 35 60 29 2 72 0 51 26 0 80 51 63 99 24 80 51 22 81 71 2 66 3 90 69 91 98 45 60 64 86 5 8 69 21 38 40 86 97 12 57 54 53 87 77 11 89 94 67 82 10 17 40 63 63 
67 100 49 48 87 56 46 70 44 92 100 38 26 46 5 18 7 68 84 93 10 68 93 65 43 10 61 82 87 95 14 22 55 89 67 50 47 48 95 71 36 74 80 52 94 18 67 67 16 36 99 87 56 54 23 52 16 59 70 87 93 12 22 54 79 96 61 41 76 70 32 88 93 20 96 31 2 28 6 0 8 54 32 50 41 85 42 59 94 92 61 27 89 77 21 53 47 42 84 35 
91 76 14 8 44 14 51 94 92 41 25 27 73 27 18 100 43 86 31 74 15 33 2 10 89 95 39 22 7 64 18 71 22 7 61 45 92 55 78 78 33 10 69 17 96 98 19 8 51 39 12 33 1 11 42 52 75 71 25 17 76 4 17 40 98 46 93 16 53 44 0 2 84 40 82 57 59 89 99 69 73 89 58 6 36 25 90 14 61 1 41 90 48 24 81 50 81 38 52 22 
96 66 98 96 29 31 43 1 41 95 31 44 78 71 1 71 11 31 40 10 55 58 87 73 9 64 31 83 91 61 33 79 65 55 86 87 0 37 88 96 65 78 46 58 2 24 64 22 46 4 89 46 73 80 69 89 74 67 91 90 70 54 21 89 24 67 90 83 10 93 3 18 27 64 69 8 4 32 95 2 68 56 69 78 26 19 33 64 78 41 8 33 51 33 83 72 31 61 91 16 
62 38 100 97 47 61 41 70 91 16 24 43 27 77 88 18 81 39 51 46 21 47 62 41 30 9 43 8 69 39 4 22 59 40 36 54 77 31 29 84 55 46 0 11 88 38 6 21 6 48 54 13 99 12 84 35 50 37 31 66 74 98 69 23 9 20 82 15 61 35 75 87 13 50 81 33 20 11 1 70 57 44 81 65 76 75 7 55 8 62 58 57 29 62 35 84 6 12 39 20 
48 45 12 39 52 37 89 51 57 77 3 90 10 65 25 46 45 16 77 4 30 13 80 93 36 100 42 15 45 77 12 42 30 5 14 35 4 42 63 49 88 76 91 4 46 67 80 65 42 59 79 37 87 98 68 23 64 84 76 27 45 59 62 8 53 99 33 84 8 25 35 80 92 25 44 18 3 95 29 97 15 2 24 1 40 10 20 64 33 44 73 39 88 3 66 74 34 70 81 98 
60 58 33 26 69 15 99 5 61 23 68 57 62 15 64 80 39 85 84 89 17 20 83 73 87 61 46 36 25 11 80 47 41 77 64 23 44 57 47 48 43 79 39 60 51 90 32 36 94 92 36 2 95 68 97 92 30 79 32 92 71 93 23 25 16 84 52 77 24 55 49 27 86 66 75 52 20 34 59 27 41 91 32 23 15 52 28 9 92 62 23 19 29 99 89 60 43 57 90 69 
