100 100
1 57 23 37 24 91 0 10 88 61 3 26 31 82 96 24 85 59 60 1 33 96 59 69 8 81 3 33 38 21 55 69 53 33 84 20 19 11 17 12 20 47 31 87 11 96 36 38 95 76 60 91 87 58 22 4 20 19 57 69 40 68 58 50 15 65 37 90 64 57 66 21 48 1 21 99 72 88 91 53 64 71 67 13 43 29 37 50 19 28 74 56 17 37 76 15 80 38 11 5 
96 85 30 30 82 14 7 94 90 28 15 40 4 37 10 36 40 66 41 4 83 7 62 68 76 67 64 94 98 79 85 76 6 21 76 42 27 75 16 100 95 14 47 33 17 20 54 71 65 66 49 1 59 94 55 23 6 40 12 72 10 65 100 92 0 26 21 89 66 40 92 51 14 42 11 68 20 56 30 22 43 40 21 97 98 20 48 86 60 29 87 80 11 83 9 28 25 22 60 34 
55 66 92 43 93 26 58 25 16 46 76 52 99 94 86 55 97 74 16 75 47 69 63 90 34 81 35 96 90 54 65 20 31 45 91 80 31 23 98 53 65 23 54 72 27 66 45 61 98 83 24 15 81 99 24 85 50 3 14 45 48 9 83 8 96 49 55 20 25 96 12 74 99 90 23 62 4 2 45 26 40 22 52 16 61 13 45 27 16 54 38 98 62 95 54 75 96 43 81 70 
7 88 53 88 97 85 92 32 64 2 58 19 80 23 85 99 13 81 40 64 94 71 24 69 69 0 15 55 30 28 25 37 15 28 12 12 77 52 55 76 25 32 49 63 4 68 75 71 24 38 54 18 87 27 30 27 48 99 38 56 90 93 79 23 39 77 99 54 75 71 3 5 67 57 51 14 78 34 42 40 37 8 47 5 4 52 98 19 60 19 43 63 81 30 49 3 57 11 81 17 
48 40 40 27 97 37 74 47 54 42 57 61 87 16 46 85 30 57 37 29 33 97 78 30 67 64 91 38 86 48 79 66 65 50 14 0 91 15 98 57 83 35 81 43 80 32 100 75 63 13 92 58 75 62 16 19 21 63 68 12 24 61 44 45 64 68 43 56 57 49 26 52 27 64 73 45 73 4 44 56 25 44 0 32 1 73 76 83 44 19 73 78 44 71 43 83 42 49 71 19 
60 14 9 47 97 59 67 38 62 85 40 70 95 63 82 80 2 18 3 4 77 33 24 90 16 40 90 40 68 65 5 78 43 62 53 70 24 13 14 78 27 48 59 31 93 27 33 99 23 17 36 22 84 40 95 93 31 7 82 88 78 46 55 18 79 54 11 60 21 66 76 16 79 8 54 77 81 82 41 45 62 36 21 1 93 92 22 95 15 38 31 20 47 73 99 70 44 57 57 47 
78 96 98 35 23 62 41 51 45 95 87 89 48 67 67 87 45 92 49 60 71 15 96 24 58 8 86 55 72 47 36 39 84 18 28 58 51 90 62 49 13 89 12 70 5 89 65 96 0 3 29 71 75 20 12 61 45 31 7 35 20 98 34 26 65 23 92 4 50 13 57 16 54 29 100 75 89 49 85 19 89 43 57 44 76 5 83 53 69 57 44 67 58 3 1 20 98 9 52 43 
76 88 82 27 69 66 63 17 53 61 42 11 22 1 26 36 97 43 57 87 90 81 57 22 25 32 54 50 14 67 76 93 75 33 44 9 76 30 82 98 89 88 79 25 47 52 73 43 100 90 46 87 34 22 35 59 35 4 24 30 90 69 66 11 43 13 43 53 45 72 46 82 15 40 79 85 21 13 15 14 69 76 3 11 84 79 88 29 18 84 39 6 44 78 91 43 40 8 1 99 
23 0 90 20 71 91 26 87 90 68 88 42 64 43 13 78 46 47 29 18 98 29 92 26 51 82 7 62 92 64 94 20 5 84 52 56 53 96 99 73 5 89 91 52 36 58 93 11 58 13 94 32 61 96 38 43 59 12 96 95 3 65 87 42 98 43 90 27 14 72 14 40 13 26 96 48 19 16 42 88 32 74 67 12 16 67 4 2 91 55 27 31 31 49 16 34 16 10 81 62 
9 19 100 50 8 11 17 1 43 59 23 12 86 34 66 5 76 47 3 95 91 11 68 21 48 27 28 42 37 34 6 76 41 34 37 56 63 29 58 62 80 88 7 91 85 47 28 85 57 96 9 65 5 87 51 67 38 92 92 38 57 4 47 59 85 55 16 92 78 89 73 67 98 22 16 21 61 62 61 74 90 63 61 47 29 39 0 47 87 98 5 7 83 84 17 30 59 52 9 48 
3 88 16 93 45 48 52 52 93 8 20 63 7 92 4 1 89 68 90 26 48 11 80 24 61 5 23 57 97 78 25 55 15 58 26 37 53 92 43 5 50 75 39 12 22 36 54 43 33 24 7 22 56 38 8 69 9 45 22 45 89 75 75 48 40 54 3 72 94 71 22 57 39 0 58 36 44 95 41 36 61 57 80 66 2 82 10 66 18 34 4 43 8 41 80 35 29 44 0 47 
75 86 64 45 43 67 88 5 44 47 29 87 66 14 29 8 5 20 60 0 18 4 66 85 58 8 95 17 7 46 98 82 98 96 56 32 52 32 21 78 91 69 38 10 50 35 16 32 36 61 34 72 1 82 26 29 21 72 6 23 52 20 6 28 75 63 28 28 35 42 80 77 51 66 38 44 9 62 78 72 31 43 48 22 76 77 1 55 24 48 91 16 81 56 80 66 51 97 94 71 
25 78 92 57 28 69 7 69 9 23 98 31 34 29 14 82 24 23 75 98 25 58 91 22 98 94 87 4 15 37 47 91 41 46 41 41 21 24 74 77 89 28 60 15 76 11 51 28 18 49 61 11 47 59 19 82 8 69 64 1 2 70 15 13 55 54 97 100 1 25 97 81 15 64 89 99 92 34 74 40 51 9 73 31 57 42 37 13 57 16 91 7 37 50 10 24 60 6 93 25 
91 25 92 96 54 48 76 51 27 77 75 36 36 20 95 72 57 30 77 31 38 50 18 52 9 32 80 16 85 5 55 21 68 85 53 52 24 6 29 96 23 9 37 5 37 47 10 90 80 90 68 81 63 2 48 73 86 21 54 35 79 47 59 70 18 50 46 44 37 25 77 43 47 55 20 35 54 27 49 78 40 12 11 4 19 22 87 86 30 75 88 82 82 20 6 3 99 96 9 35 
97 28 51 43 71 63 34 25 96 83 83 77 75 91 59 42 78 1 3 42 61 81 39 49 80 19 63 78 95 26 64 47 31 66 40 100 12 1 40 12 80 45 100 71 20 1 3 3 75 46 58 46 32 22 12 22 32 96 91 43 91 52 3 7 61 43 31 70 11 15 86 27 51 20 70 56 50 4 84 61 90 28 25 45 12 33 50 54 47 45 6 96 17 25 68 20 82 26 25 73 
44 0 10 60 42 64 62 65 21 78 86 56 13 38 66 69 98 93 34 55 55 56 48 56 65 93 28 23 7 84 67 39 18 80 5 76 84 46 18 16 85 39 77 87 16 97 48 100 8 42 79 92 20 88 6 88 96 13 72 26 33 71 35 82 40 96 37 18 89 32 17 83 89 87 8 97 19 29 50 14 84 17 58 26 84 3 44 44 47 62 22 51 30 94 55 82 100 16 74 79 
38 15 61 46 78 44 32 45 65 30 23 64 39 22 48 8 78 89 75 68 82 75 83 60 55 62 60 57 58 19 81 79 62 25 35 82 26 49 99 32 72 66 20 43 2 50 45 62 68 12 82 85 28 8 28 49 45 42 10 52 97 2 60 96 5 83 53 2 54 3 53 51 18 69 9 83 80 5 65 46 19 1 97 95 38 6 36 38 70 35 37 71 51 66 3 52 53 86 47 58 
35 61 32 88 6 100 65 100 83 27 67 11 63 63 27 8 1 86 99 13 89 51 17 75 9 57 23 32 21 49 97 54 83 71 85 39 20 20 96 68 7 80 79 14 11 89 69 13 19 91 13 5 97 96 13 79 22 73 31 80 3 41 40 83 90 89 31 12 6 12 21 65 18 70 96 81 98 28 71 34 87 17 74 68 41 47 80 55 7 4 81 85 46 77 82 88 97 31 36 59 
48 41 4 26 57 22 58 69 100 20 20 76 19 44 95 48 67 7 25 75 41 40 4 55 76 44 75 98 31 87 82 0 82 45 71 27 79 17 33 93 45 2 10 19 81 34 24 64 95 24 38 85 20 42 32 15 84 54 0 13 74 53 55 55 51 54 73 7 68 52 3 0 88 96 91 51 98 9 81 18 57 9 23 82 29 61 28 6 79 73 100 69 48 42 29 67 3 13 53 63 
76 89 20 46 95 83 8 34 1 27 52 73 6 1 65 32 22 41 27 54 31 25 74 100 50 60 47 5 47 6 32 14 0 10 65 9 99 23 19 83 83 65 18 100 66 88 78 44 48 86 49 85 80 84 50 87 99 31 50 92 98 95 39 69 28 55 83 4 51 46 100 17 53 60 7 12 94 51 9 70 42 71 30 87 76 69 10 47 79 65 90 71 37 3 85 66 14 95 19 32 
36 87 72 31 41 89 51 91 11 53 1 62 8 61 1 38 43 63 42 19 89 94 48 31 24 18 98 82 18 46 85 28 63 24 16 15 79 0 30 90 25 15 70 95 35 61 70 21 32 14 52 61 63 22 47 97 61 32 76 85 99 9 4 32 38 96 21 69 20 19 47 43 23 85 23 75 33 63 53 19 83 80 92 81 74 46 100 78 89 80 59 66 91 30 79 92 46 80 38 32 
100 23 90 10 39 18 96 82 59 55 11 10 47 22 32 100 39 90 45 42 29 64 76 42 49 58 42 54 62 81 81 14 54 94 90 47 51 47 57 87 39 20 82 7 79 51 58 41 6 82 30 22 68 35 44 53 67 96 73 73 85 97 42 35 59 50 28 8 19 72 90 55 14 31 60 86 46 49 19 86 69 75 93 55 37 94 68 84 69 20 42 63 13 14 57 69 23 39 91 62 
21 71 77 34 60 13 51 47 34 66 20 38 61 29 55 88 28 31 84 31 12 77 56 14 75 78 16 82 81 3 11 76 37 28 98 51 11 24 69 40 39 18 22 27 3 64 10 68 53 88 42 100 79 86 46 39 78 89 42 93 59 22 65 18 33 41 34 33 95 28 77 37 74 100 12 38 38 71 58 81 74 75 73 42 19 56 27 92 62 10 6 85 78 76 94 55 87 73 4 26 
53 82 60 36 3 78 37 90 37 9 75 13 60 22 4 26 26 90 13 15 57 1 71 88 7 85 22 79 38 42 47 41 51 78 90 72 19 51 48 1 78 32 51 22 24 51 88 65 65 75 88 20 30 2 92 64 62 6 75 92 2 60 6 94 69 38 87 66 58 47 1 38 98 19 100 44 6 44 61 44 80 27 9 2 0 99 67 23 85 65 84 33 34 14 90 31 57 27 12 86 
64 69 61 79 91 70 91 45 53 45 84 8 43 55 23 86 100 49 3 81 80 70 78 4 37 19 36 85 62 90 71 60 24 37 39 49 61 9 88 61 85 93 64 11 99 22 37 93 47 94 87 27 13 75 37 80 0 67 60 67 9 60 51 33 4 92 9 97 44 34 8 15 75 5 89 40 74 91 27 67 80 17 65 65 61 53 47 32 83 77 16 71 73 49 76 9 79 82 1 62 
50 40 7 93 84 8 6 95 45 14 21 16 16 37 7 97 75 36 89 59 0 69 34 74 33 98 72 48 95 99 65 70 83 86 94 33 94 1 92 0 37 54 11 81 22 4 82 93 93 39 97 98 21 40 64 69 98 20 98 97 71 75 61 93 24 56 14 21 37 29 68 48 78 45 92 4 7 18 37 68 28 78 32 37 35 33 26 22 75 5 47 76 23 5 51 61 34 85 89 13 
49 4 57 83 88 48 22 83 66 97 34 60 76 34 76 96 59 63 17 79 100 23 100 22 68 60 80 84 14 33 31 53 83 72 42 41 95 29 28 0 87 14 77 79 67 10 69 97 48 72 58 88 99 88 35 6 78 80 43 21 1 83 49 97 20 34 6 58 74 0 17 51 24 46 41 73 68 95 38 96 39 46 37 23 61 62 10 32 56 33 29 21 99 67 63 43 26 36 29 80 
54 49 28 25 59 33 63 52 56 75 0 69 38 50 20 8 15 5 61 4 18 96 37 81 46 41 0 73 15 84 38 56 57 78 69 75 31 97 77 25 78 38 68 13 50 94 81 36 24 73 20 86 82 90 81 90 52 84 50 24 74 88 45 61 73 1 53 65 31 2 78 54 23 67 28 22 19 20 86 21 94 89 29 57 68 72 45 38 34 58 19 39 92 27 85 88 98 56 41 19 
28 2 17 10 82 91 81 93 28 77 82 59 92 52 61 12 29 76 47 90 65 53 83 36 74 34 58 4 57 38 92 4 20 19 68 14 4 54 20 22 33 40 63 70 1 3 28 78 100 13 48 11 33 94 30 69 72 63 37 58 29 64 99 58 61 92 93 86 61 62 37 88 40 11 16 89 63 86 63 34 11 48 57 37 93 95 8 63 13 82 30 21 1 76 83 27 20 50 7 4 
10 32 44 25 35 74 9 93 47 65 50 46 50 7 9 67 52 86 66 8 44 38 58 39 82 90 36 82 71 69 96 93 37 88 1 57 31 34 7 85 49 58 33 69 74 56 78 44 93 61 17 0 78 1 49 55 9 96 18 10 8 34 57 1 76 50 61 13 27 19 44 87 4 97 5 69 40 35 21 55 9 7 97 43 15 81 60 27 56 27 55 45 44 70 90 92 22 43 36 8 
96 36 56 10 43 81 45 2 9 3 56 13 66 96 12 25 100 62 15 1 5 43 28 84 89 86 89 45 57 40 40 10 0 55 75 100 16 39 21 21 88 39 31 57 35 16 30 73 69 23 95 32 66 84 65 20 93 47 50 50 94 91 67 24 94 47 60 24 92 50 13 23 66 89 19 65 3 85 69 49 70 17 78 59 51 5 50 78 12 51 78 94 25 66 54 98 82 86 9 27 
11 5 35 54 87 34 48 64 38 89 54 5 88 41 85 44 45 13 7 45 85 79 79 2 90 41 86 72 4 20 25 50 54 11 49 75 30 8 60 83 56 84 37 20 40 17 67 47 74 86 99 24 54 5 63 14 16 67 71 39 51 2 97 61 15 59 52 28 82 58 89 77 51 12 77 41 48 5 41 72 0 52 41 4 58 41 73 98 8 66 99 24 71 85 77 53 97 14 85 57 
25 95 66 4 6 51 52 56 16 41 28 31 38 80 36 86 59 30 12 89 82 91 68 46 50 10 49 71 48 74 59 7 41 83 30 22 21 92 26 25 45 2 3 6 67 73 2 74 96 43 64 90 63 79 74 0 69 46 48 50 58 59 19 39 80 66 27 58 54 64 19 84 41 46 0 62 10 33 76 22 95 83 74 28 51 10 36 17 11 4 67 40 32 1 91 30 52 82 34 47 
99 72 37 70 97 79 30 17 82 36 65 65 3 99 14 97 44 78 8 39 0 66 21 81 68 71 18 3 92 44 72 42 60 29 33 15 31 40 95 14 86 50 30 15 62 5 36 53 37 3 68 28 55 40 55 12 83 93 17 94 9 36 46 89 39 67 67 27 9 98 2 82 99 79 42 16 82 94 93 65 1 32 44 25 5 30 91 75 46 20 30 45 74 26 83 16 62 19 85 53 
73 77 62 65 46 87 67 4 40 68 84 74 87 8 16 91 4 65 91 35 7 44 86 18 59 17 92 35 50 10 32 48 12 44 29 60 96 62 53 33 44 7 78 9 6 16 98 98 76 45 49 76 78 49 77 11 71 75 93 0 52 3 78 89 68 34 53 86 8 23 89 19 97 82 90 21 52 46 68 79 42 2 41 42 31 17 56 5 22 66 16 90 46 55 54 51 54 39 32 1 
70 71 31 69 33 92 36 84 79 23 94 82 65 53 68 21 29 39 33 74 65 88 99 96 25 92 72 51 42 81 72 36 4 37 42 22 100 97 36 77 51 84 55 15 63 57 89 26 30 34 16 26 68 95 32 30 7 15 41 10 64 21 16 92 47 39 50 97 60 27 21 23 30 13 29 44 78 49 85 77 97 99 69 49 47 94 79 62 21 85 47 100 3 37 15 15 71 63 83 21 
36 24 79 67 65 58 9 62 54 47 93 31 17 58 11 55 58 41 48 15 34 56 3 42 4 33 50 14 91 88 5 23 27 36 4 35 47 17 36 21 46 34 1 25 80 21 58 11 27 12 88 93 72 69 68 57 87 59 4 57 42 22 97 4 21 44 55 0 72 24 35 42 56 59 2 93 77 69 7 32 63 29 27 51 79 50 44 93 62 51 59 67 33 8 1 39 20 0 68 19 
94 13 1 91 42 57 9 3 60 6 94 96 70 43 86 11 40 87 98 52 46 76 43 1 24 21 50 26 50 47 11 39 18 47 45 100 100 45 28 16 79 84 33 8 59 42 22 81 31 70 82 24 49 52 1 44 23 27 96 62 58 0 0 31 10 2 31 18 77 11 73 77 43 51 4 58 51 96 18 53 60 36 45 99 48 11 54 53 16 90 48 46 70 9 42 4 12 55 26 16 
14 77 57 10 97 44 49 11 15 28 98 22 12 55 42 5 69 25 89 71 46 32 56 33 66 93 41 95 59 35 96 54 40 76 42 46 65 99 59 90 38 42 75 48 55 26 35 42 29 32 21 4 63 1 11 89 85 55 94 50 83 12 72 77 20 52 41 40 38 87 5 61 99 76 18 47 33 28 55 14 12 55 56 74 96 80 78 50 42 57 60 79 63 28 54 0 23 68 38 86 
59 80 16 39 62 91 23 93 15 5 62 78 27 54 7 11 12 54 26 54 87 11 16 81 94 34 63 88 100 21 14 26 37 89 70 70 82 99 16 32 68 43 0 20 97 33 14 90 69 13 88 90 0 48 77 85 94 86 25 55 28 58 36 85 63 8 34 51 97 97 56 26 68 43 68 50 11 18 44 51 46 2 70 37 10 49 95 16 89 11 45 61 28 96 11 49 53 47 40 92 
59 68 13 77 88 13 43 86 72 48 85 24 65 54 40 75 71 60 78 42 57 41 54 49 36 34 82 64 66 50 100 55 74 6 40 42 19 71 49 49 0 51 14 12 83 83 51 54 57 70 29 53 18 67 49 69 7 75 91 33 37 49 83 37 0 90 67 53 8 85 37 98 6 96 72 88 81 30 59 60 8 27 97 23 41 48 92 13 51 14 57 82 2 20 90 16 73 10 50 34 
73 42 86 76 29 68 16 50 74 91 59 11 3 88 7 76 36 13 79 73 35 19 66 85 1 84 68 22 45 33 92 73 37 92 61 22 98 67 16 33 75 94 25 21 27 79 52 40 36 50 51 69 13 85 13 81 43 95 64 5 57 94 43 60 15 62 0 11 4 57 80 78 61 7 44 70 7 12 77 58 78 62 3 10 1 90 79 0 46 82 22 63 76 30 6 28 42 57 53 67 
96 95 64 43 100 58 53 70 44 13 11 24 19 91 100 28 49 10 55 22 57 38 75 31 71 10 43 69 74 42 26 49 71 49 53 13 20 93 4 91 74 63 19 46 98 75 4 72 0 29 8 66 86 75 33 4 38 47 91 2 63 85 57 66 85 18 88 97 5 82 81 49 36 5 11 21 35 6 34 88 5 42 94 62 65 11 68 66 74 48 33 42 23 67 32 8 91 16 37 52 
7 99 92 66 43 82 85 13 46 90 64 62 85 42 31 12 88 1 26 1 54 95 52 80 14 37 53 90 63 2 49 25 22 41 14 83 88 40 10 72 68 78 41 34 65 65 99 100 45 90 75 71 95 39 63 96 42 3 54 76 20 25 26 4 82 76 100 88 55 82 58 76 60 12 81 7 84 55 69 94 21 86 50 100 80 100 31 73 99 20 47 4 84 58 78 93 97 39 77 65 
30 1 29 58 6 12 67 71 87 69 31 70 13 28 39 66 68 63 80 22 17 89 29 85 32 86 42 54 2 66 89 85 98 5 90 59 39 76 73 82 50 71 85 2 61 69 46 38 70 52 63 7 100 1 32 66 79 60 62 84 49 13 9 42 85 71 93 57 2 5 72 79 9 89 8 81 97 38 60 89 95 35 14 30 35 79 71 27 44 40 42 24 49 50 37 94 54 10 97 52 
5 33 26 78 16 59 73 21 62 58 66 41 2 61 25 59 41 99 94 80 65 58 61 87 20 90 76 49 81 71 98 29 21 97 90 47 18 44 77 90 60 19 100 2 3 71 32 99 98 7 84 91 33 98 27 86 31 97 81 54 40 53 64 80 31 19 23 73 18 62 0 58 19 5 19 86 83 70 88 9 32 58 24 30 67 8 94 37 81 18 19 41 71 51 59 7 58 85 8 51 
1 17 57 79 25 57 93 60 71 45 16 43 86 2 8 1 97 54 56 43 80 44 23 58 86 18 23 38 33 97 85 33 41 71 61 83 52 22 31 95 28 46 70 52 89 62 45 45 76 74 70 93 37 47 60 64 5 58 46 73 68 76 33 83 83 89 15 85 4 68 24 96 22 51 47 99 46 80 94 10 32 15 39 12 62 89 27 63 3 50 66 35 21 33 91 50 59 49 1 0 
98 19 28 31 42 94 93 31 95 20 56 70 46 77 47 55 19 91 80 63 22 97 17 63 42 65 10 6 31 85 28 78 80 11 29 19 56 23 26 59 5 58 71 85 30 44 14 51 33 73 11 12 65 11 78 88 91 44 40 40 79 41 98 84 22 99 50 5 46 65 61 75 92 93 2 64 7 63 71 46 63 80 54 12 7 98 55 39 87 61 90 88 49 10 99 4 13 13 95 55 
83 35 51 91 23 18 77 82 85 75 98 73 48 54 71 50 91 16 10 10 86 47 97 26 69 60 45 48 24 41 72 30 82 68 45 33 84 40 47 84 84 8 72 21 40 11 48 92 37 14 70 43 54 88 73 56 47 99 26 91 66 44 45 30 25 72 14 65 79 4 5 46 9 91 4 76 15 1 72 53 41 76 64 100 70 65 23 47 80 18 1 47 27 87 86 29 23 69 34 55 
66 5 27 63 67 90 20 8 86 65 22 78 3 87 47 90 48 25 78 89 65 35 77 72 12 98 91 60 34 77 12 29 39 47 78 63 20 84 69 23 0 18 95 74 88 66 48 22 11 26 52 67 97 66 3 40 19 42 52 46 84 45 33 85 37 18 29 52 3 87 92 63 97 49 59 46 34 75 71 18 75 100 33 18 79 33 47 21 66 50 43 65 99 58 25 68 47 24 87 92 
14 92 93 6 28 20 87 74 30 66 64 99 44 58 48 53 73 76 21 96 1 100 0 30 71 79 100 93 82 70 48 20 60 6 54 47 9 30 59 3 64 87 44 24 30 8 75 44 4 9 40 87 12 6 46 71 37 64 15 20 12 11 48 89 38 88 63 54 85 60 85 30 52 32 53 68 28 82 42 82 52 52 97 43 58 51 77 96 98 92 74 91 24 56 26 80 4 83 63 36 
67 99 91 88 65 41 2 8 51 23 48 19 19 82 57 19 76 97 92 49 87 84 13 70 85 54 26 24 65 42 35 63 56 36 99 59 6 23 2 27 82 30 83 7 52 95 94 62 25 29 67 68 55 23 75 5 35 86 31 49 72 94 0 21 67 20 59 49 22 6 19 94 90 78 6 5 51 45 96 31 87 10 64 89 20 53 26 16 64 18 4 4 46 34 36 83 43 90 3 20 
14 1 40 90 0 13 5 31 14 52 66 55 69 70 12 35 6 36 68 60 54 53 98 69 15 78 52 42 24 35 33 70 33 29 54 9 0 73 26 52 34 35 80 90 91 39 18 42 27 62 96 29 12 28 49 52 64 16 28 58 95 15 98 93 81 27 23 35 64 20 69 61 83 100 36 47 35 7 2 69 10 93 16 18 65 29 58 3 14 65 23 85 11 15 65 87 69 37 47 28 
38 98 21 93 31 16 51 5 39 40 19 52 13 1 55 82 91 51 26 93 1 5 29 67 70 78 7 72 79 44 37 96 53 2 17 5 73 22 61 60 42 45 75 19 41 59 93 36 76 56 66 49 32 14 50 83 100 38 35 80 90 37 68 54 97 8 97 37 31 68 69 37 48 49 18 95 60 19 100 42 38 5 2 42 56 20 90 43 46 92 9 23 90 10 74 96 0 11 41 55 
5 85 63 80 88 95 67 31 82 96 46 82 28 100 75 1 99 1 5 85 89 49 48 18 10 69 83 37 59 27 19 1 70 3 13 47 77 9 80 83 49 31 9 71 10 62 40 7 24 74 77 91 22 52 33 95 7 56 9 97 16 47 53 32 95 84 98 15 44 81 52 33 4 86 23 9 15 99 61 41 94 94 74 79 30 38 26 5 20 5 29 37 34 52 18 85 90 9 12 26 
62 77 69 60 46 78 24 62 51 5 10 51 63 61 54 88 67 32 59 6 60 53 72 40 89 29 6 88 86 94 8 68 30 90 5 75 60 88 13 61 32 59 55 14 25 2 17 44 48 81 79 52 38 97 38 67 63 42 26 57 43 65 88 13 37 5 72 2 78 24 92 30 39 57 12 30 67 18 0 74 68 42 10 57 40 34 91 77 33 88 36 79 54 13 35 0 17 86 55 96 
24 69 12 88 17 21 22 36 41 31 29 22 18 73 7 17 11 89 87 79 28 78 89 56 6 66 13 30 45 97 93 53 4 6 73 71 95 84 80 36 39 13 95 90 53 17 31 79 77 46 9 85 58 66 64 23 34 57 22 2 82 10 88 76 2 75 52 56 64 36 31 38 35 36 86 14 83 80 19 58 88 46 98 70 25 1 75 16 42 40 67 76 22 55 69 12 22 35 91 87 
40 30 24 91 33 100 56 71 17 88 5 75 81 63 10 95 24 46 84 3 1 84 9 30 89 84 68 49 35 2 79 85 73 47 38 68 61 57 51 74 19 82 71 63 49 23 15 20 99 60 58 84 93 57 92 50 10 80 40 93 44 8 86 63 52 8 92 67 20 35 17 77 34 64 22 24 27 68 31 7 71 54 19 62 62 35 23 16 81 94 49 80 48 68 68 97 58 20 9 69 
20 96 9 90 4 79 60 7 85 42 40 42 3 73 27 34 54 95 45 0 73 64 1 49 55 17 16 75 84 89 23 43 56 41 52 95 70 20 86 37 66 51 2 8 79 19 98 42 18 6 5 81 2 12 14 41 58 24 6 52 17 50 69 55 83 96 17 12 65 98 83 49 15 41 92 94 90 59 32 14 23 19 76 91 49 50 63 20 45 58 79 71 38 42 95 93 50 87 76 10 
51 79 85 31 51 54 63 64 10 81 94 37 87 33 58 44 18 97 38 32 30 2 44 31 86 22 100 34 14 77 87 1 27 53 56 54 16 61 92 22 85 66 95 27 6 73 87 71 20 36 41 50 1 32 47 63 75 44 92 5 20 50 43 49 22 45 38 67 85 11 67 56 34 7 24 12 13 7 53 66 81 72 49 51 42 25 70 29 50 34 56 79 44 27 54 9 95 59 83 36 
58 3 55 27 42 47 95 21 40 91 76 71 89 79 30 93 29 36 33 86 53 32 27 10 3 56 70 75 63 47 60 59 72 67 49 69 10 29 31 19 33 28 6 9 18 8 93 20 89 36 21 14 19 92 87 64 82 100 56 15 29 82 80 25 91 65 90 94 38 38 64 79 27 5 95 87 77 38 28 39 92 56 14 0 92 34 84 84 27 73 41 63 79 56 81 80 58 90 87 54 
9 48 4 71 22 21 100 76 20 0 24 71 75 14 88 7 10 73 47 73 8 51 100 59 42 24 91 59 11 27 61 31 36 16 36 4 95 55 4 24 28 52 28 46 73 39 8 43 90 84 14 1 40 23 35 3 72 91 78 12 81 13 39 91 31 17 54 18 55 34 100 81 46 59 8 20 28 10 18 10 41 13 18 47 100 54 37 1 12 49 87 98 48 23 59 67 69 85 30 14 
10 97 62 73 24 62 98 24 44 43 3 49 99 16 96 54 83 36 63 83 32 50 95 75 15 49 8 39 90 8 50 69 63 46 86 33 9 51 81 38 63 2 75 9 81 25 78 4 75 43 29 30 54 40 57 64 37 96 8 20 94 5 90 84 23 90 87 5 74 61 83 58 23 68 31 73 99 16 51 69 39 99 49 33 87 77 41 72 45 69 20 75 68 72 33 28 92 19 92 18 
10 68 94 63 83 30 40 18 58 44 45 33 27 2 71 77 0 21 20 64 32 76 55 51 98 32 92 1 41 65 0 49 34 65 100 57 98 95 62 78 0 51 47 22 79 67 66 65 7 73 100 83 45 8 98 94 83 1 20 43 94 89 15 42 4 17 45 70 52 3 12 39 60 19 19 33 11 39 4 93 15 73 6 17 40 61 79 71 81 58 7 76 52 53 59 7 67 13 79 86 
87 95 48 1 56 7 24 70 23 26 4 16 7 16 15 77 2 60 16 36 95 54 41 92 99 57 61 2 16 32 16 21 13 6 74 56 92 92 1 59 69 48 72 23 12 50 54 49 31 42 74 94 15 39 1 70 77 99 74 47 87 89 41 1 31 61 77 4 13 45 71 82 10 63 8 34 33 90 17 12 56 94 93 56 53 0 97 13 100 22 11 56 49 95 75 77 72 3 53 45 
48 54 7 71 30 97 19 74 77 35 68 69 21 2 5 15 5 27 41 43 55 79 92 78 78 80 10 93 12 2 46 12 64 71 89 79 73 60 47 21 77 59 79 90 32 73 15 25 24 97 49 38 19 62 22 18 87 77 80 89 8 82 46 66 20 30 28 64 25 36 47 12 33 68 98 56 91 96 45 39 86 33 33 42 2 36 94 2 41 95 97 51 85 26 12 33 59 32 49 43 
36 67 16 4 29 16 67 51 79 86 39 34 51 27 45 90 44 59 77 47 28 14 67 76 14 82 61 65 55 21 21 56 87 3 79 93 87 86 53 56 22 39 78 9 62 93 15 87 8 17 39 98 92 92 93 96 53 33 16 80 69 23 46 30 49 21 14 80 6 68 74 42 29 94 54 36 97 69 34 69 21 60 60 33 95 81 31 88 79 34 59 96 62 21 68 82 60 39 84 90 
13 0 8 32 15 59 93 30 39 95 90 59 8 15 44 6 35 53 33 65 18 98 42 14 43 54 34 12 10 3 82 7 25 27 2 25 31 37 26 17 50 12 37 6 82 2 60 35 21 54 72 57 99 62 39 35 66 76 42 10 74 41 61 25 70 21 37 27 73 50 39 97 23 39 1 7 88 15 70 0 89 13 21 64 63 40 27 7 8 45 41 89 61 24 95 2 12 90 98 42 
100 0 78 18 62 57 37 28 56 25 94 88 30 6 60 84 40 9 89 28 8 41 76 65 84 58 44 69 100 2 5 50 36 5 17 5 38 47 57 84 100 75 42 99 39 1 30 72 80 20 100 85 51 48 30 93 41 8 55 15 70 99 2 82 17 32 42 87 4 52 54 22 62 86 91 4 100 99 56 68 11 49 57 42 13 41 82 61 99 80 49 20 58 99 15 50 87 91 47 63 
64 51 32 99 86 49 99 23 97 7 48 82 66 22 35 98 50 60 81 12 32 68 43 94 76 36 90 36 6 94 76 27 83 19 14 20 61 30 55 65 34 83 77 30 94 2 7 35 39 37 68 34 39 100 43 50 90 79 45 94 99 5 29 45 47 44 53 13 55 93 18 37 8 33 0 56 57 45 5 37 83 9 23 36 3 80 85 77 21 93 18 22 25 34 63 7 29 76 15 65 
67 21 22 83 23 25 100 72 71 90 29 32 44 84 28 72 79 41 73 89 93 97 27 13 0 44 74 74 91 91 57 25 48 100 86 92 6 5 93 40 89 27 24 28 70 43 65 15 53 77 57 85 38 70 88 50 61 90 100 60 35 59 77 36 3 56 47 46 97 60 59 32 16 37 50 47 79 11 86 37 19 33 0 52 66 51 63 81 66 27 85 24 79 93 13 87 46 84 69 17 
58 24 1 93 90 1 1 90 74 82 79 37 1 81 49 57 10 88 41 98 61 41 15 26 11 38 10 69 45 100 53 66 1 56 9 1 81 85 64 93 64 23 10 89 14 42 20 44 71 57 76 59 75 72 42 92 48 2 44 58 30 61 7 58 69 62 74 4 3 32 25 16 92 93 51 63 96 67 16 53 77 54 57 87 18 83 98 34 16 24 33 11 57 35 15 79 49 52 47 14 
43 61 47 97 15 99 32 19 40 64 2 95 67 69 7 80 17 34 12 26 67 13 67 92 29 6 76 10 56 84 46 90 1 33 40 73 76 44 4 17 84 97 58 99 12 44 3 31 3 54 60 97 61 27 97 88 67 78 54 70 50 39 35 87 69 70 63 70 11 6 40 9 59 91 8 97 46 95 3 16 62 76 32 73 21 87 56 31 36 69 54 64 49 72 40 88 85 15 69 41 
24 48 37 11 12 64 47 81 58 98 95 7 52 28 57 20 76 23 62 19 54 59 43 100 29 85 43 20 26 20 94 79 32 27 56 36 47 43 25 31 13 35 46 14 86 11 0 45 9 81 98 53 32 8 21 53 0 20 13 4 89 31 72 65 0 96 5 14 40 55 72 30 60 91 82 82 69 30 61 8 8 22 35 77 78 58 78 64 47 37 40 57 32 72 14 43 21 29 45 77 
89 97 16 59 11 15 45 2 20 59 40 20 22 25 37 20 24 11 99 90 35 58 20 35 65 92 49 3 1 84 96 35 73 75 80 61 70 26 54 89 2 92 3 7 30 93 25 28 2 87 71 46 43 74 53 33 70 79 48 15 87 66 20 95 58 91 43 0 8 87 88 60 17 86 22 11 59 41 9 32 67 21 1 88 1 36 76 17 78 7 84 44 83 50 32 72 53 63 67 64 
54 85 38 96 92 0 83 42 89 82 70 35 42 1 32 85 49 70 76 63 83 0 52 8 99 45 78 41 98 95 100 6 29 43 44 48 55 95 92 35 0 29 12 19 25 98 48 34 76 98 29 90 64 70 81 82 32 81 66 21 12 26 57 27 83 1 53 39 5 80 95 5 28 2 51 60 74 47 11 8 40 22 49 84 44 44 1 76 19 88 47 4 7 4 60 74 22 74 6 91 
5 70 94 69 11 89 19 18 20 56 43 47 5 3 73 35 50 85 54 53 80 93 45 17 61 83 95 86 63 29 71 84 31 21 76 66 38 9 80 29 22 88 12 82 46 34 25 21 85 75 65 85 78 70 99 25 89 92 2 95 68 58 35 57 85 20 64 13 23 13 88 20 4 27 36 40 76 20 73 18 54 68 81 71 20 77 62 31 20 77 62 83 68 40 58 98 73 92 70 56 
28 72 47 64 13 54 54 35 34 5 40 29 36 72 37 54 38 64 73 3 68 3 29 87 78 16 36 58 40 48 67 94 16 32 31 49 6 16 84 89 18 15 29 71 56 69 100 58 24 85 56 28 59 13 77 65 90 20 16 0 58 83 55 0 6 64 1 72 25 57 15 48 45 16 6 44 41 87 76 5 1 79 83 71 67 81 69 24 18 64 59 24 20 79 9 15 74 62 85 13 
44 88 85 61 37 47 68 56 38 54 60 23 23 50 30 14 6 31 54 75 64 49 73 77 66 85 51 63 11 70 7 50 61 25 88 93 91 5 12 48 29 12 88 75 60 17 2 31 52 88 45 82 9 84 43 97 44 70 0 55 88 3 46 16 93 71 4 34 61 25 95 75 16 90 100 67 13 27 28 77 89 10 20 65 68 24 82 67 39 91 73 23 16 27 64 73 89 20 99 81 
14 75 48 0 78 50 56 43 8 88 82 85 34 79 49 16 45 58 62 47 92 7 13 18 66 87 80 41 94 62 95 48 92 62 80 77 24 52 98 61 9 45 68 65 25 44 2 23 65 18 22 3 16 5 80 79 93 44 74 96 27 86 67 12 36 25 85 43 60 15 98 58 15 93 2 6 24 61 67 30 49 65 58 81 53 43 63 49 12 24 37 20 14 31 6 70 69 58 15 9 
23 40 15 68 68 23 41 82 61 69 17 55 10 17 23 0 38 24 4 5 80 80 29 54 51 24 54 51 83 20 67 69 58 10 52 23 88 28 54 25 50 78 64 64 64 18 73 37 62 95 69 39 81 38 48 48 57 77 29 78 34 75 100 87 98 16 31 52 54 58 81 88 31 77 71 25 28 21 31 84 76 29 36 46 4 2 27 11 4 88 99 78 100 37 61 13 44 58 88 33 
75 70 80 60 89 24 7 75 23 99 9 71 72 98 100 56 0 45 31 13 45 68 57 32 42 43 51 87 20 54 36 8 89 63 42 7 12 1 7 62 13 98 64 53 42 87 34 17 46 11 98 49 100 5 61 33 82 86 71 62 76 64 11 60 73 75 58 17 7 54 37 53 89 93 12 54 38 95 27 63 60 57 30 16 8 33 92 14 11 36 77 89 15 43 86 49 74 4 99 35 
100 98 69 61 64 54 72 90 28 41 51 97 13 35 82 74 29 60 36 23 40 100 29 8 67 89 54 77 99 50 60 95 86 10 54 33 49 10 83 76 83 17 80 36 75 81 12 79 55 34 47 16 32 50 18 74 7 96 54 93 78 71 33 75 14 43 0 0 47 27 93 28 72 20 70 27 40 73 25 98 21 72 27 53 80 8 56 98 64 93 49 57 35 50 12 45 11 39 85 43 
26 90 0 96 45 17 24 81 12 67 96 60 69 100 30 34 83 18 54 68 36 10 67 28 29 24 8 49 80 56 64 36 50 15 27 49 98 2 34 3 39 54 15 13 54 31 32 56 10 85 6 46 34 39 63 51 33 58 73 68 23 87 84 3 76 55 1 0 78 41 0 4 25 45 71 12 22 54 78 72 29 68 96 1 97 62 58 89 0 1 24 12 96 65 22 96 34 24 58 24 
21 80 75 56 13 3 25 96 85 10 5 49 77 88 38 49 75 25 19 11 76 32 55 29 100 96 73 21 91 47 42 52 68 98 0 13 36 100 82 16 70 28 55 5 30 81 43 90 84 90 32 48 53 10 38 38 54 100 57 30 5 61 91 33 32 61 92 70 27 84 57 58 74 56 26 53 93 32 43 89 96 21 86 48 13 72 67 40 25 83 98 74 74 59 79 95 60 69 34 44 
36 31 1 91 55 74 4 34 49 58 20 72 77 18 100 86 58 99 65 68 1 63 24 45 51 71 30 85 38 56 72 89 44 31 37 55 2 73 48 65 87 79 24 0 89 14 0 8 70 62 82 62 20 2 30 16 84 25 53 2 49 33 32 93 18 36 41 41 48 77 35 72 21 30 33 74 18 71 75 57 56 74 67 97 69 48 87 78 17 60 47 55 42 78 67 45 95 66 60 52 
72 90 27 48 95 79 83 67 30 77 92 56 17 26 29 64 93 57 87 5 81 64 31 29 81 96 49 36 28 11 57 100 59 10 66 35 10 67 43 50 44 16 62 87 15 82 84 46 24 19 25 11 60 83 49 46 15 28 35 45 23 24 69 57 50 93 33 57 47 1 89 70 40 18 43 22 66 65 72 83 26 33 60 62 43 69 10 88 96 55 36 59 30 78 85 62 36 84 38 14 
19 20 79 57 14 74 85 5 99 41 26 29 16 62 10 83 38 10 9 28 45 96 2 77 51 75 78 65 88 94 93 16 31 5 71 89 30 95 62 81 18 89 27 96 4 97 26 87 54 90 93 8 61 17 28 84 81 10 5 18 12 88 80 50 28 45 63 79 45 17 23 72 74 17 63 97 36 86 42 53 79 60 85 71 61 77 100 31 79 17 60 63 7 87 83 63 43 94 63 25 
83 31 80 52 43 90 91 8 28 44 80 87 39 100 4 70 6 26 55 35 19 79 71 49 53 39 40 1 61 21 96 59 16 88 36 40 10 85 50 17 29 34 31 100 12 39 62 31 34 3 29 57 72 75 99 46 8 40 72 7 85 36 49 83 69 80 30 30 90 51 18 93 31 86 64 74 97 93 59 57 43 39 98 57 96 82 95 65 25 28 64 98 69 98 12 61 52 49 11 92 
85 87 8 70 40 44 54 99 8 51 33 19 92 38 21 33 31 96 23 34 75 9 6 52 62 100 95 38 98 6 61 31 72 88 8 9 93 31 80 33 44 97 85 61 8 74 38 47 20 26 52 94 37 21 32 44 45 66 32 3 41 84 63 20 53 23 60 0 83 5 30 92 89 94 34 54 11 73 26 32 1 30 22 94 39 54 92 31 52 7 39 24 9 91 86 65 13 4 20 70 
62 6 80 37 57 0 99 30 62 33 96 49 42 89 18 83 7 76 2 93 97 25 85 13 21 19 99 0 35 48 11 86 91 25 46 16 52 75 84 52 35 96 1 25 89 70 97 16 54 71 45 12 21 72 17 62 42 96 17 5 90 36 22 49 44 62 2 76 82 70 70 96 70 94 79 46 51 94 29 50 13 81 94 9 68 20 57 4 93 55 21 86 44 21 53 72 52 41 49 61 
15 24 11 100 4 69 41 66 97 24 86 5 37 82 5 50 48 6 24 88 89 32 85 85 35 70 44 54 56 29 65 38 42 14 17 13 10 30 40 4 58 23 86 95 42 42 36 31 37 81 4 95 68 33 1 13 83 77 54 34 9 92 0 95 96 49 65 95 100 24 88 77 46 31 56 63 58 46 53 53 95 27 55 41 81 96 82 98 44 64 57 39 91 1 51 47 51 3 51 37 
19 93 68 19 100 61 98 89 29 84 17 22 81 75 36 36 58 97 38 66 90 53 4 85 100 37 36 85 62 27 18 26 56 61 59 85 12 87 91 31 22 73 7 76 77 96 2 23 49 64 77 44 12 28 76 87 79 29 42 19 62 99 6 92 17 43 57 81 65 65 62 70 13 94 19 70 85 13 52 98 46 58 21 22 32 79 14 72 76 16 82 61 29 15 0 11 40 95 46 95 
4 4 21 32 24 64 87 8 62 36 61 21 84 78 54 30 20 10 96 61 20 84 88 6 13 13 17 78 17 43 22 45 64 10 86 33 27 30 19 26 69 66 97 64 74 93 47 67 67 67 23 15 29 56 68 1 0 60 41 47 80 61 40 77 14 59 43 74 65 80 73 22 71 52 76 14 16 66 4 31 22 39 84 42 28 69 32 66 50 91 94 73 24 42 44 11 43 14 51 49 
55 33 47 63 63 23 52 93 3 51 27 54 100 92 56 11 60 38 92 8 14 99 40 95 46 69 65 87 75 57 52 76 53 68 84 64 53 51 1 39 94 18 97 89 62 37 49 54 47 84 38 22 78 13 36 28 10 90 38 52 18 41 9 75 52 84 97 34 26 75 59 16 77 36 73 48 18 43 96 25 29 69 11 56 14 87 97 74 75 77 28 35 41 22 39 75 71 1 18 85 
89 30 91 30 33 96 40 79 34 94 23 89 5 13 34 43 96 81 21 31 76 70 60 14 1 83 39 0 36 69 56 42 63 64 45 71 81 59 73 47 57 7 13 53 80 61 31 100 39 68 61 70 32 29 4 52 41 15 46 6 79 33 3 73 62 94 94 55 30 22 14 7 83 73 0 67 94 61 65 82 36 88 23 32 71 56 18 80 22 84 68 80 86 49 45 4 23 32 87 62 
8 71 86 70 52 54 21 13 78 56 93 82 26 1 5 97 38 2 96 52 23 12 7 14 5 3 33 24 5 38 39 54 29 29 14 63 73 54 5 57 67 54 10 79 35 91 62 16 35 1 62 4 59 18 26 77 36 16 36 19 87 40 34 51 14 56 36 55 76 70 61 75 34 87 69 77 53 6 74 60 16 83 62 60 88 37 75 66 83 37 5 75 86 21 21 13 32 80 28 23 
97 72 9 50 87 39 4 85 31 55 34 71 12 49 25 15 92 66 24 58 57 2 59 12 48 23 94 91 54 76 30 45 26 70 54 36 90 40 52 84 2 36 98 100 41 39 84 91 92 68 3 1 9 35 75 13 43 64 23 91 44 27 89 21 77 86 96 49 89 94 15 35 17 85 53 81 20 30 9 50 15 9 35 81 83 84 23 41 81 77 56 57 37 48 12 84 71 33 60 84 
65 8 63 62 78 2 59 49 25 1 98 80 27 0 27 99 94 49 85 91 89 86 23 87 14 46 88 62 23 23 98 56 60 91 0 15 11 12 12 21 9 97 16 86 38 86 32 9 84 79 91 97 40 21 76 67 20 66 47 59 30 34 44 84 5 19 81 89 60 93 91 23 28 61 48 42 68 48 82 9 7 5 60 76 41 51 38 50 24 15 6 71 39 33 25 69 69 58 40 65 
39 95 21 47 9 20 29 12 90 74 97 30 17 17 42 91 58 90 93 38 39 78 96 14 10 95 33 73 81 65 50 97 93 65 38 81 42 29 24 44 12 54 29 17 2 25 12 60 52 80 41 24 72 88 73 10 85 8 32 71 69 84 75 87 95 80 57 63 62 16 74 50 12 47 96 35 54 100 80 61 39 30 25 27 56 81 76 8 85 60 58 19 92 72 80 97 59 67 35 57 
