563	353	783	266	203	759	290	805	173	960	69	423	292	823	819	406	938	601	671	507	7	73	638	723	853	548	54	5	946	947	90	361	748	513	670	966	229	993	841	715	191	776	173	775	632	581	189	8	541	955	986	759	710	580	354	566	291	956	564	185	967	469	978	530	53	981	485	828	21	737	247	814	700	554	991	47	75	454	359	412	415	566	63	870	589	217	489	477	688	668	764	31	811	983	498	995	357	527	78	701	
153	486	91	12	457	970	287	342	793	285	380	889	992	18	39	875	696	607	309	401	80	619	31	380	6	76	779	135	464	980	501	69	279	304	53	590	565	345	114	810	13	432	434	824	51	523	100	39	655	586	895	839	197	253	294	286	670	473	849	391	723	420	734	359	391	260	910	994	761	418	303	441	145	73	70	750	587	631	727	488	995	380	287	565	174	93	254	16	953	579	13	971	466	492	16	822	65	801	569	212	
876	80	169	650	62	642	987	979	442	139	672	908	783	161	35	236	393	548	89	417	966	188	326	276	176	968	632	476	208	700	256	39	794	71	526	407	67	106	822	102	634	850	256	358	333	383	376	711	529	708	146	517	91	743	539	247	295	941	111	763	723	828	776	36	57	216	821	834	871	809	643	462	519	507	650	307	68	324	398	768	964	695	134	368	111	516	849	21	151	326	889	997	412	544	438	569	205	521	910	630	
18	675	32	451	970	286	551	984	380	195	451	170	518	431	155	201	368	338	304	710	650	110	462	18	260	641	689	635	101	97	90	107	551	114	575	612	305	213	502	672	817	142	380	979	285	553	717	811	246	501	602	297	314	445	405	218	870	251	82	439	671	582	714	726	918	855	250	888	914	606	479	912	359	87	666	749	312	649	187	856	716	132	135	133	529	969	780	565	699	256	678	61	824	365	661	894	608	233	959	665	
947	164	385	568	62	448	818	516	654	30	37	317	752	369	958	877	598	825	981	940	693	620	636	64	123	796	691	630	306	481	753	857	652	447	904	696	358	809	134	938	224	287	611	809	233	732	78	311	729	682	252	440	772	836	851	914	972	444	352	119	711	33	669	616	963	753	50	769	393	363	724	758	155	878	648	628	505	988	725	226	568	599	931	262	101	738	883	747	737	662	919	643	165	452	605	850	747	265	265	660	
495	707	932	586	811	419	906	162	827	296	777	565	608	680	365	676	761	345	718	200	445	224	440	686	131	234	706	326	794	699	210	703	407	112	156	494	329	684	977	835	111	870	981	83	62	294	890	245	329	980	226	987	914	568	371	525	535	727	875	368	830	736	428	655	699	624	595	740	203	331	623	142	695	456	513	88	411	755	312	940	577	8	174	998	216	50	923	446	623	379	398	346	833	145	766	194	616	103	759	476	
412	201	278	410	544	589	449	416	239	536	240	895	673	546	936	308	904	663	808	520	733	197	180	204	94	274	484	37	38	289	510	751	805	225	686	679	943	909	356	868	939	923	105	313	628	89	768	193	25	858	466	190	977	70	183	829	386	749	374	474	83	274	477	572	237	772	707	107	767	638	67	503	537	688	524	693	61	977	782	623	633	356	766	300	293	817	992	749	691	197	866	818	679	114	983	422	468	996	268	652	
782	801	797	949	488	515	424	96	759	957	808	125	168	617	23	669	600	991	180	277	846	689	62	811	433	586	127	619	236	867	289	685	60	74	702	541	211	763	118	202	378	491	602	83	952	952	735	196	599	348	226	334	310	461	336	671	797	923	655	487	757	759	377	272	706	870	626	468	143	592	785	760	183	766	825	251	899	836	697	694	111	288	779	752	224	411	486	233	485	23	213	883	710	368	575	154	715	922	918	351	
743	126	915	206	602	62	608	109	658	341	24	172	188	449	716	677	204	958	429	382	702	427	835	996	730	327	634	553	191	33	833	744	749	767	197	823	899	663	15	195	689	390	577	625	762	665	90	778	805	34	390	55	153	419	330	683	48	576	21	800	225	717	800	567	40	326	294	97	963	368	324	184	22	672	389	146	676	478	87	990	175	614	807	146	253	207	444	99	369	224	732	654	782	485	138	527	310	489	390	759	
148	841	646	755	480	143	432	886	180	479	527	512	871	133	580	682	507	100	998	796	927	871	58	228	43	43	981	774	617	885	485	903	75	654	749	59	2	753	418	296	619	481	591	803	468	562	488	934	870	406	400	925	654	830	829	151	259	990	105	724	532	633	896	990	761	255	334	769	21	11	720	485	499	806	225	689	383	393	446	281	723	812	46	352	362	36	877	13	601	851	893	975	860	482	253	167	582	630	2	294	
652	931	699	533	418	649	85	69	572	809	28	227	815	891	64	306	306	393	62	963	335	777	786	99	893	69	978	513	194	898	335	242	546	209	647	43	596	851	931	97	874	844	854	733	828	82	750	407	166	337	855	228	449	444	857	167	638	194	736	216	369	290	805	728	145	709	666	900	62	95	304	20	406	272	941	603	798	252	387	369	200	374	178	950	852	867	618	940	472	890	150	968	131	299	923	700	477	626	410	356	
498	895	282	408	152	760	539	827	26	577	466	862	73	340	189	17	876	231	43	934	614	945	764	711	667	482	821	622	228	215	955	669	491	87	468	759	695	637	879	12	2	479	461	470	991	839	244	493	455	885	753	297	946	216	454	413	403	764	159	179	11	713	688	35	322	764	909	364	259	515	997	540	717	135	609	693	996	488	438	627	264	104	53	704	25	100	436	73	39	283	842	272	677	710	944	755	883	842	509	446	
374	403	587	800	376	549	127	156	182	594	932	848	131	930	308	602	767	335	717	159	536	337	137	646	115	980	933	115	734	471	621	340	855	556	557	248	834	999	900	436	348	372	397	182	873	442	480	706	121	30	617	803	512	950	457	65	603	579	449	147	577	435	501	250	712	591	209	709	857	49	479	744	499	658	473	654	239	529	353	786	622	756	123	100	965	69	35	777	263	1000	699	686	597	93	559	894	203	65	461	611	
415	825	130	347	277	437	463	801	673	635	778	287	345	242	495	738	792	189	660	260	539	491	839	201	298	665	786	708	244	435	474	100	766	739	12	22	882	271	379	777	161	671	396	259	565	193	340	689	32	824	955	802	913	129	881	695	768	707	794	734	401	199	624	573	291	299	236	150	240	461	343	256	610	250	795	500	94	266	809	505	564	848	158	228	828	396	111	401	780	666	556	923	244	746	135	35	829	822	637	848	
192	694	997	860	353	442	855	860	781	536	859	457	159	402	65	272	710	581	437	469	507	452	765	31	188	680	378	553	504	555	680	689	416	670	613	495	358	841	718	901	51	211	487	717	474	596	798	862	554	116	776	952	535	89	548	869	837	203	258	904	608	447	637	238	969	109	38	453	651	599	915	450	936	338	936	80	825	16	26	811	982	771	279	184	763	283	327	170	146	53	829	720	509	513	934	986	704	651	369	993	
832	26	41	616	248	839	220	362	597	123	949	691	331	83	110	783	473	669	287	384	883	306	629	653	762	773	219	137	15	866	641	940	657	37	290	426	401	427	183	189	324	567	625	90	255	626	805	364	48	270	622	33	604	689	714	359	855	144	954	475	736	952	652	284	939	408	44	892	909	814	645	759	208	578	747	231	389	336	158	216	776	274	86	284	764	647	431	373	210	474	328	212	486	450	334	571	195	23	38	672	
741	865	603	268	46	978	3	604	765	190	889	326	954	312	450	631	402	150	419	367	258	404	144	903	373	481	361	20	193	701	173	601	813	705	759	68	594	427	135	757	468	922	434	247	103	598	958	347	412	35	229	931	548	828	963	265	715	900	930	544	705	406	645	883	595	188	301	642	264	646	126	789	12	249	891	56	728	844	96	560	511	152	380	213	125	703	997	849	596	363	789	733	304	495	955	135	697	920	653	501	
482	762	511	810	781	17	328	701	692	677	197	644	637	801	934	404	24	865	361	554	312	606	682	571	332	551	809	115	136	307	326	21	836	206	300	677	676	437	514	554	968	711	337	179	845	813	62	505	4	554	463	211	212	457	292	478	475	229	123	507	993	598	375	806	713	251	97	408	399	83	862	489	706	437	488	770	806	444	432	574	186	763	454	100	599	63	492	291	836	347	317	975	759	972	977	827	267	146	774	760	
261	182	386	898	207	867	465	857	909	607	264	28	105	664	939	740	832	397	380	860	176	361	414	992	870	639	251	411	638	275	753	138	294	875	543	153	735	710	725	982	467	299	887	570	399	116	692	372	281	155	185	173	28	372	170	40	659	495	95	873	240	163	804	658	972	602	127	154	596	495	169	489	731	387	513	518	685	839	689	757	646	333	86	576	152	765	133	66	342	827	128	105	512	233	806	78	522	371	283	736	
502	718	367	317	531	938	582	292	728	176	641	398	964	646	886	81	715	206	228	427	571	638	679	539	278	558	323	56	383	429	613	928	869	718	246	693	878	278	787	196	333	664	988	720	491	232	700	176	345	123	444	271	963	60	323	945	864	309	6	537	17	881	240	814	447	415	833	851	490	314	535	71	192	134	388	982	65	812	712	407	87	884	314	273	669	410	797	80	610	48	310	869	741	425	650	113	85	134	663	620	
636	463	317	526	329	725	270	723	953	212	708	893	242	347	520	405	229	449	248	145	734	683	948	785	183	689	788	744	469	270	809	681	369	849	2	295	433	377	622	672	147	831	389	831	818	869	456	50	209	985	679	181	298	665	734	743	724	245	369	698	34	555	933	597	916	459	965	768	306	86	65	500	90	296	436	350	737	429	672	457	792	138	781	75	737	968	513	321	78	202	414	793	808	595	79	400	390	532	72	775	
966	873	354	362	458	949	302	175	824	12	704	421	138	125	80	826	85	684	919	262	512	49	758	913	65	608	958	864	452	725	306	99	434	271	849	545	22	707	273	70	414	429	92	304	197	38	137	161	148	936	271	629	572	504	379	784	294	198	631	314	851	662	0	86	636	884	198	581	228	941	527	935	141	340	438	377	116	471	481	826	541	250	688	970	416	116	905	512	623	779	30	884	828	247	751	394	989	730	45	964	
180	608	769	950	696	360	2	361	291	561	409	632	242	135	57	613	528	23	330	708	648	450	455	328	875	398	40	491	305	605	292	35	181	615	897	612	561	405	763	787	437	233	380	472	645	670	782	15	452	953	915	173	325	288	661	388	109	486	77	974	209	942	429	945	567	14	208	329	894	383	383	999	842	519	508	408	125	582	711	979	883	917	342	412	561	314	773	349	55	645	546	508	48	212	655	750	633	746	652	661	
537	773	442	938	514	152	123	710	344	939	393	366	78	805	198	611	222	364	694	224	699	394	33	636	752	480	24	177	867	948	205	180	612	509	676	383	326	691	731	135	596	476	836	927	734	713	350	592	745	260	815	896	19	78	878	57	97	657	642	268	36	28	774	574	306	620	607	694	151	185	494	707	441	719	483	698	457	483	699	858	64	610	685	939	442	263	570	61	94	281	415	486	363	433	396	290	656	622	232	203	
679	664	374	822	290	943	61	801	806	858	362	309	608	954	966	512	567	749	711	524	628	607	293	682	49	931	843	553	667	374	482	272	788	878	993	639	83	313	871	7	695	424	605	171	114	675	667	531	500	525	347	17	467	46	42	878	750	655	203	735	256	619	997	75	951	973	841	155	700	346	471	404	612	332	837	653	796	460	221	986	321	675	564	149	841	735	590	433	434	219	196	495	860	239	374	534	217	387	408	546	
741	434	673	224	278	655	420	665	170	642	918	313	294	849	365	585	801	831	177	869	361	228	257	565	710	657	331	935	512	23	839	190	83	50	631	10	772	250	156	778	450	370	898	482	5	249	925	323	555	888	846	955	257	278	665	787	204	841	968	618	964	227	592	100	502	891	641	887	44	849	510	964	246	175	11	524	210	910	926	814	370	143	297	930	862	710	322	789	77	210	902	887	261	44	777	905	967	692	144	992	
817	609	41	573	609	468	857	995	313	956	278	592	163	582	562	29	794	200	145	893	725	725	712	461	52	293	749	943	346	78	997	667	742	855	125	836	784	851	682	640	632	637	296	617	808	19	99	148	884	417	239	299	486	922	226	100	536	830	775	404	307	769	329	495	686	736	107	345	945	51	628	669	563	41	700	191	44	367	299	380	909	840	572	336	517	114	197	746	775	278	558	904	348	643	95	893	864	379	585	38	
712	476	988	693	932	848	639	297	103	915	857	866	783	509	229	996	96	442	245	645	309	214	204	955	291	827	118	764	715	582	440	105	55	924	959	551	423	197	890	695	991	176	403	154	286	850	351	777	909	925	384	558	364	869	803	194	115	933	957	263	517	912	83	254	966	685	326	247	575	78	629	653	396	504	323	520	819	859	237	64	877	619	632	931	780	914	305	613	464	102	756	281	627	590	458	220	165	494	734	385	
905	289	808	134	92	869	851	347	508	644	189	207	25	668	904	925	226	20	560	3	910	545	424	364	590	5	347	358	669	682	907	171	60	252	411	842	765	53	143	335	271	470	250	365	166	316	981	152	151	33	632	911	412	95	764	511	907	258	871	307	658	277	452	852	771	705	307	804	854	281	116	919	335	165	535	632	455	380	177	922	575	906	698	240	830	392	963	802	541	350	553	759	7	634	952	489	50	921	486	393	
216	551	57	860	883	241	79	803	492	401	396	416	495	696	912	607	795	688	223	366	261	883	415	767	688	998	675	394	535	579	156	206	889	61	92	294	484	290	566	732	498	766	463	829	735	639	848	514	495	61	551	121	512	424	967	243	391	357	50	191	542	683	800	112	240	236	889	355	553	983	142	339	972	924	760	544	611	721	379	370	524	883	894	830	470	357	102	247	119	856	7	391	839	110	74	382	526	755	629	170	
650	706	710	67	504	250	639	388	14	861	151	532	799	244	753	181	715	923	496	203	812	569	579	893	297	800	395	749	305	833	422	885	135	469	103	61	148	362	703	4	901	78	491	549	481	902	378	968	974	245	873	559	509	280	596	247	330	569	818	307	704	451	625	360	650	321	84	998	502	829	921	768	946	886	273	166	123	340	235	502	504	129	77	503	927	296	453	283	823	609	308	141	816	591	159	629	823	804	919	739	
301	608	671	714	626	258	430	496	780	750	814	123	709	778	470	790	59	290	107	865	777	651	52	462	99	997	957	913	824	978	868	326	863	643	501	615	118	759	394	681	164	225	998	657	362	136	351	240	862	608	142	147	890	231	984	34	556	828	539	494	685	281	188	581	309	221	300	695	79	74	763	712	184	68	321	294	353	795	874	670	843	486	360	515	647	960	835	95	15	504	291	56	275	694	548	292	167	201	459	892	
873	519	338	644	228	803	884	974	126	578	501	10	874	361	240	68	397	601	531	521	100	765	622	942	352	778	392	175	789	949	810	244	586	985	587	970	49	473	704	627	55	132	273	906	812	895	354	553	491	527	554	944	363	545	309	633	290	18	942	728	875	900	817	261	168	146	530	14	248	679	617	759	510	461	988	73	873	644	640	839	879	253	794	635	324	816	394	578	189	819	562	916	771	895	405	82	146	579	863	62	
872	666	122	166	598	948	943	868	617	420	143	37	952	995	81	213	987	658	322	398	532	279	582	756	571	171	722	930	575	751	753	452	807	910	531	665	273	826	430	508	242	387	171	442	257	429	809	323	853	665	762	987	484	548	110	766	668	664	533	907	382	674	653	266	189	915	506	213	406	701	818	510	545	738	591	643	842	538	513	459	907	740	204	623	980	899	927	800	654	634	545	739	643	370	339	624	529	216	661	156	
814	941	71	341	953	692	596	236	182	601	281	833	964	704	413	703	612	827	930	675	8	687	207	765	256	953	107	730	822	973	338	422	339	727	659	771	984	883	505	970	639	499	439	306	524	498	58	116	161	362	631	758	640	386	269	873	670	570	44	543	488	535	388	972	957	389	248	991	125	348	637	234	915	792	415	8	924	115	978	982	719	704	540	717	8	608	221	727	569	114	561	561	151	160	96	517	63	964	738	498	
305	837	345	719	151	691	688	919	961	49	307	631	799	137	13	139	395	189	916	212	2	457	234	927	288	593	223	121	136	524	520	687	854	880	165	223	843	570	981	40	499	629	302	569	54	458	252	996	230	626	189	508	294	828	67	841	165	533	919	251	200	653	240	250	232	732	363	969	970	103	185	289	71	306	969	796	534	299	266	542	317	776	178	861	686	440	710	870	868	234	489	402	639	748	400	972	858	108	463	402	
805	254	268	958	471	815	218	491	49	909	420	378	827	95	302	199	984	411	703	577	825	602	38	682	993	2	310	9	236	143	543	350	727	779	484	3	600	133	126	821	796	50	206	682	867	472	799	113	642	887	209	385	469	79	387	374	62	244	738	147	823	898	716	373	359	398	26	738	929	174	842	25	497	385	983	213	945	703	931	694	823	907	667	656	499	679	227	853	738	442	115	65	27	277	518	878	369	604	828	785	
237	67	886	305	832	835	272	71	62	12	135	233	14	300	971	652	229	306	725	167	122	350	248	940	514	834	522	95	952	194	301	124	425	525	305	473	134	973	346	683	767	740	917	500	836	926	483	977	735	429	354	228	594	913	912	524	154	923	159	451	620	547	915	999	879	493	426	634	137	456	813	413	913	357	513	815	987	920	209	990	857	806	635	222	880	532	905	292	173	917	925	562	621	658	428	779	449	755	632	388	
477	639	203	295	280	830	601	748	919	895	820	537	558	66	66	440	585	864	702	6	552	608	61	903	623	283	850	667	142	699	384	939	599	439	248	380	378	101	791	573	4	392	626	998	442	121	689	632	458	198	432	931	554	484	951	134	769	981	204	84	782	681	120	302	493	458	831	428	267	396	356	1	72	430	669	531	550	35	691	293	568	507	373	202	238	531	128	729	30	240	972	790	540	54	385	307	120	233	372	735	
740	482	161	406	413	502	807	298	116	777	151	23	111	451	507	411	915	299	523	75	992	408	875	239	826	345	762	794	56	783	625	1	848	200	120	530	242	694	460	110	622	225	512	101	726	38	616	421	601	762	453	728	405	875	448	303	13	954	750	348	112	241	112	359	616	962	772	113	628	723	580	659	775	236	695	454	969	540	244	518	492	9	986	560	931	689	533	5	518	836	154	394	115	276	286	590	168	275	199	67	
15	187	901	900	197	42	677	648	523	697	571	96	426	714	253	743	588	583	542	835	992	895	48	136	576	676	443	401	590	993	500	834	170	376	602	209	611	480	209	884	761	591	23	969	599	236	660	424	120	207	614	764	281	999	316	491	861	549	769	312	794	214	971	959	408	609	86	216	812	476	163	658	54	291	181	71	306	460	874	116	506	306	469	824	467	550	388	541	731	707	729	866	604	38	466	162	360	474	359	322	
391	540	257	909	764	202	142	437	787	97	961	335	946	734	913	43	837	150	300	294	692	39	514	718	821	620	149	578	527	191	524	178	200	620	162	358	337	459	288	878	432	874	791	747	292	390	492	894	65	337	442	412	890	756	348	790	328	78	922	441	315	916	442	236	197	81	559	968	414	300	494	122	397	685	602	818	908	555	909	237	111	621	700	423	509	986	890	388	111	473	524	543	521	418	58	490	527	889	861	945	
918	542	909	171	381	265	109	643	872	602	685	185	316	661	476	452	481	487	299	771	740	41	967	693	655	892	362	979	342	798	515	179	966	489	121	357	363	355	94	925	108	12	84	333	950	891	893	820	974	348	359	568	727	633	153	632	343	863	248	303	262	595	549	389	463	113	217	815	682	134	224	559	89	708	682	981	615	515	16	313	537	195	480	688	598	14	75	491	910	701	206	722	117	841	505	682	342	843	175	271	
645	397	36	677	373	279	305	635	530	475	945	23	292	973	1	24	466	568	727	779	864	284	202	968	536	476	2	166	692	515	809	654	430	827	321	805	940	779	662	329	471	917	998	152	392	114	784	765	977	447	226	67	867	707	607	157	101	100	124	643	503	355	59	239	841	121	801	824	879	596	280	575	800	160	17	431	738	328	612	942	572	426	322	69	392	427	120	445	890	404	81	410	514	284	164	189	67	716	531	605	
876	107	354	749	851	955	839	447	791	572	738	35	323	312	312	194	920	778	658	187	80	494	569	484	150	978	576	705	985	154	344	101	648	525	1	251	341	365	124	918	198	544	658	70	634	473	648	32	520	897	861	475	34	398	76	766	188	611	791	319	460	930	214	315	141	934	797	32	53	976	369	383	348	326	508	512	330	692	596	44	797	576	620	301	471	474	570	335	853	488	752	962	231	290	16	180	352	870	407	11	
12	789	874	532	129	568	810	437	629	82	847	430	62	809	150	103	148	17	732	336	367	154	423	774	260	955	426	774	306	601	228	176	39	215	391	33	49	200	954	274	458	230	394	929	417	251	257	51	225	686	859	259	504	743	363	817	936	85	260	503	737	327	871	820	755	471	684	326	448	393	847	178	225	795	462	831	318	699	716	561	794	204	842	605	413	863	66	427	734	448	171	478	758	374	129	198	818	400	218	303	
576	701	28	8	843	427	504	165	798	347	847	135	768	5	763	966	971	362	312	668	511	322	205	16	763	652	682	752	165	998	847	829	412	775	339	847	691	250	439	693	563	164	196	593	842	705	918	728	922	360	763	645	639	834	779	667	524	372	973	607	185	947	357	568	512	555	1	335	196	492	25	863	305	743	391	141	813	74	72	29	143	333	568	971	704	950	771	781	691	434	473	399	744	575	782	484	8	562	236	725	
269	680	205	53	253	333	196	180	956	477	574	146	369	369	125	791	923	811	826	257	455	612	295	265	89	676	567	716	881	888	463	663	531	50	494	432	416	123	666	527	944	256	215	156	668	75	887	612	328	672	15	377	741	550	40	748	357	185	219	904	714	317	29	304	343	676	154	475	885	577	259	657	640	423	211	277	150	806	994	105	193	372	328	771	730	619	218	548	343	415	54	546	168	285	606	856	389	741	348	902	
354	276	157	389	319	34	619	865	39	376	170	159	828	261	132	505	684	378	729	823	674	825	891	408	404	923	210	496	675	461	528	560	476	816	564	277	765	229	798	827	993	108	998	72	540	375	664	864	125	222	707	766	171	994	756	128	310	800	714	323	133	832	905	529	869	868	720	628	237	346	687	760	833	734	484	572	332	984	459	165	715	675	186	171	822	615	578	266	73	512	44	874	513	189	91	973	630	246	875	817	
29	172	905	509	86	142	479	788	419	183	274	772	502	344	819	157	401	978	218	147	347	418	380	605	518	17	314	82	233	659	620	67	569	127	737	968	862	993	952	912	539	746	706	692	388	456	6	837	842	946	674	242	296	979	622	767	57	927	709	907	776	981	692	670	886	928	700	422	294	505	486	333	437	526	885	887	812	483	657	543	332	262	271	165	715	793	726	178	453	938	694	495	404	415	406	880	81	858	357	337	
836	865	59	233	398	35	596	157	993	761	15	129	646	88	884	52	524	615	275	144	681	188	37	496	420	57	59	532	371	137	90	501	533	279	985	403	184	420	192	893	523	1	734	697	249	255	262	602	47	470	586	906	513	474	259	572	748	6	582	796	450	268	335	635	535	965	164	956	575	370	902	169	167	40	393	893	547	453	498	126	240	538	417	834	930	525	78	900	589	860	536	347	608	811	411	231	900	267	324	511	
71	994	801	753	93	990	891	307	786	978	66	62	605	213	412	485	993	255	852	333	71	302	502	59	76	338	865	168	957	660	789	21	55	793	301	579	299	665	333	779	673	313	641	585	42	344	382	207	460	21	646	296	176	463	594	729	970	663	316	288	231	468	920	588	160	22	914	720	359	407	939	300	646	101	854	411	82	418	818	60	26	913	418	134	118	868	668	592	941	788	947	640	669	876	41	669	393	897	576	964	
278	119	643	394	736	499	697	996	651	356	709	451	824	917	104	873	436	657	774	572	940	664	924	749	723	546	587	818	935	288	75	253	143	347	31	543	746	7	862	189	817	301	578	536	459	409	509	655	583	638	996	747	796	33	695	172	978	302	790	303	799	613	871	408	104	187	243	252	898	138	318	523	75	840	121	394	381	516	353	212	187	481	192	340	430	852	818	472	329	288	347	79	177	531	591	646	427	423	841	49	
75	183	337	639	5	638	395	773	681	601	940	939	481	937	561	453	308	905	376	896	18	955	994	68	110	951	525	731	676	856	997	391	130	346	501	31	266	746	596	170	526	126	160	701	766	977	471	946	9	881	628	478	275	485	423	337	489	255	864	683	125	962	905	666	325	457	550	462	790	846	798	321	846	200	63	898	745	85	902	711	640	572	736	718	253	595	827	532	512	457	222	776	251	962	694	343	78	458	49	469	
147	951	700	192	154	145	611	818	964	386	825	261	740	827	246	315	861	938	979	178	681	618	24	561	848	680	589	428	27	398	573	339	322	329	995	312	902	418	507	252	474	908	643	817	880	384	967	308	966	558	796	841	597	817	40	729	954	437	892	790	547	21	481	683	55	931	946	780	600	234	444	409	504	243	508	93	780	460	733	209	528	577	438	588	435	559	822	566	835	314	977	963	689	601	326	23	318	748	105	535	
371	93	778	595	233	211	820	245	558	952	498	741	1000	131	591	476	784	598	17	830	397	845	809	831	516	125	677	465	205	830	936	373	340	961	557	612	555	730	469	933	703	782	163	506	672	389	688	603	686	496	381	278	759	435	466	8	43	38	701	727	912	73	879	61	42	754	216	488	991	43	924	583	114	85	390	630	705	217	733	572	278	537	838	575	885	32	941	912	781	456	470	191	173	602	929	817	305	394	641	289	
101	789	13	801	616	546	303	49	896	889	9	439	185	562	452	893	827	147	692	823	512	226	411	592	14	716	793	573	895	958	379	205	166	639	103	806	14	301	411	539	509	891	44	636	667	386	452	44	291	689	397	943	426	950	536	273	394	114	621	964	182	249	621	162	186	371	366	912	541	691	655	14	831	147	478	864	764	82	832	192	612	556	966	911	487	735	923	131	478	250	237	449	72	694	412	359	302	299	747	227	
234	808	699	342	399	454	395	531	37	204	83	940	771	270	151	144	712	129	399	150	611	943	650	683	230	516	3	692	786	300	888	991	221	721	420	324	418	783	112	278	172	764	140	820	871	429	342	930	875	601	52	98	868	461	7	80	428	599	510	48	929	790	424	675	718	332	290	831	7	282	921	895	158	106	725	176	212	128	938	327	942	305	300	758	762	899	230	748	489	833	191	484	487	685	900	120	254	739	672	114	
921	766	415	589	314	823	913	519	658	63	351	699	397	727	716	584	853	682	219	15	544	645	888	799	93	859	187	327	770	242	836	262	58	183	323	996	741	771	687	373	608	68	679	568	197	445	694	606	221	10	728	779	101	199	110	413	718	499	989	385	626	102	690	488	399	561	402	881	47	15	444	484	193	289	416	833	796	746	770	757	696	816	743	533	387	229	953	942	919	88	217	689	23	659	996	486	633	87	73	42	
174	663	255	943	170	737	259	34	52	774	198	165	987	540	205	948	690	765	735	457	28	877	504	122	561	993	68	534	893	297	219	338	843	645	985	988	539	227	549	381	960	152	238	837	637	252	555	904	774	274	353	389	40	311	650	443	536	127	764	970	676	750	264	626	865	164	763	784	457	191	151	394	407	766	454	639	689	383	204	654	355	816	173	5	199	889	995	115	873	134	661	245	648	662	998	634	107	218	676	840	
46	34	507	281	664	899	990	314	451	762	766	196	281	784	813	922	840	537	343	71	42	879	585	616	919	823	491	851	492	966	89	77	210	519	56	941	189	527	948	436	188	1	626	514	562	598	781	494	14	299	442	85	615	841	786	702	305	491	745	503	745	894	201	991	409	522	799	138	498	749	533	454	954	362	669	536	739	424	316	649	688	760	235	924	818	477	319	421	712	382	824	75	797	250	852	483	622	432	300	194	
817	233	450	727	739	9	586	608	431	846	44	661	912	545	472	78	974	512	922	81	636	495	836	15	246	412	106	301	414	16	949	831	588	428	722	350	638	840	858	606	322	473	186	280	925	713	115	295	255	536	913	768	511	84	488	888	612	932	278	265	231	845	788	34	990	466	255	377	782	230	49	80	512	806	400	538	659	830	890	73	981	920	995	869	894	843	465	557	440	116	141	538	797	692	804	247	586	809	716	491	
527	346	172	255	185	657	929	377	387	319	435	9	399	866	904	361	897	297	980	731	31	992	884	569	291	840	507	597	673	142	396	694	115	714	639	170	596	763	1000	20	1	579	809	477	501	149	126	293	811	451	968	994	607	985	758	972	774	510	130	240	976	549	915	54	526	840	414	449	351	70	844	818	715	500	633	286	59	908	270	139	656	919	299	493	716	195	287	802	803	525	485	669	451	959	527	168	586	859	621	224	
596	230	157	452	746	482	607	427	92	266	522	107	615	926	257	136	323	347	346	660	628	590	761	300	633	756	40	544	353	622	315	45	68	621	717	946	836	644	703	424	153	255	616	829	740	491	655	292	864	181	913	233	114	314	319	236	74	271	687	117	199	319	953	966	581	750	68	232	361	409	94	782	607	892	41	205	903	76	221	137	365	80	961	997	458	253	382	787	81	598	209	660	4	926	769	38	66	42	834	268	
894	972	494	740	612	361	247	288	201	896	165	626	87	227	414	111	947	884	125	748	637	371	957	440	803	830	217	485	527	714	711	189	602	415	391	109	844	731	260	273	476	137	887	270	519	418	349	275	860	394	63	346	816	2	372	292	982	583	976	234	981	698	954	337	890	977	243	148	19	171	238	802	573	162	187	968	305	289	218	910	571	189	586	997	293	948	23	486	938	277	989	859	147	153	87	550	378	626	111	721	
721	814	638	841	151	86	15	604	847	643	641	485	276	797	774	696	602	305	395	446	106	703	467	872	837	611	512	306	346	694	362	44	464	863	183	99	628	949	524	2	401	425	880	967	494	410	151	63	818	558	217	431	188	769	451	497	515	389	622	27	853	545	950	754	516	91	936	566	164	784	720	519	164	314	154	528	567	866	657	207	289	877	660	175	925	234	377	831	371	298	140	601	622	465	352	442	177	336	83	918	
780	476	810	908	992	844	370	912	570	820	670	595	619	956	98	856	939	520	794	174	167	406	224	873	878	401	206	457	92	667	191	219	475	529	263	77	244	946	849	783	347	411	244	20	626	744	419	234	396	358	692	457	147	65	456	307	247	148	187	193	484	216	878	461	645	317	918	179	319	73	250	672	73	637	528	649	660	353	407	636	821	799	609	444	255	810	803	928	354	190	184	513	685	124	646	143	502	108	250	456	
156	575	81	689	184	986	684	511	13	194	48	379	60	694	134	247	688	469	836	532	667	475	694	972	23	329	565	456	249	903	736	217	876	790	818	807	619	494	151	523	622	567	92	43	111	436	415	941	21	784	297	597	642	949	348	8	852	432	652	352	114	398	513	776	874	744	652	219	508	907	243	298	146	578	717	80	690	472	129	708	880	866	998	479	119	80	172	216	451	717	580	771	161	601	938	554	972	132	881	478	
935	287	413	212	693	372	149	800	417	279	220	266	13	154	943	831	269	91	998	610	537	813	211	71	490	334	551	234	874	534	20	96	115	439	368	332	597	22	608	746	167	448	147	855	681	565	576	398	724	902	840	268	853	471	944	599	761	424	535	326	469	569	579	462	638	263	827	356	542	256	384	958	648	752	299	635	305	909	318	152	322	444	575	362	162	547	87	999	54	978	990	39	56	433	23	19	44	804	863	266	
555	888	98	28	173	965	50	237	740	878	650	659	500	168	281	36	279	896	182	214	188	935	861	625	612	507	246	306	40	900	613	298	629	683	198	146	345	55	898	717	699	276	589	560	687	353	73	288	204	343	881	519	147	6	809	301	818	731	549	219	635	780	373	736	488	301	92	258	218	879	85	902	360	441	664	149	271	134	94	504	689	988	741	204	485	913	473	127	863	683	960	458	493	461	19	558	296	605	848	850	
659	88	130	198	53	718	671	558	891	222	499	606	952	662	296	886	405	833	200	942	959	11	262	535	926	571	601	776	4	370	998	318	503	842	805	385	278	157	356	738	455	47	78	665	553	524	802	904	971	337	206	542	427	250	513	374	708	368	700	417	974	788	561	377	682	30	560	439	794	759	442	155	850	559	681	722	917	41	732	322	180	205	316	263	888	262	675	201	8	912	85	549	118	870	614	624	270	944	13	47	
75	797	137	344	161	840	589	163	663	650	342	536	714	641	822	414	85	564	416	914	260	351	374	379	445	659	444	884	633	951	758	305	134	126	975	590	394	67	854	899	531	450	73	702	909	337	774	742	709	803	909	133	298	649	276	585	267	671	770	325	225	354	364	458	529	138	918	729	484	247	131	523	544	558	177	186	904	960	982	1000	849	418	66	593	549	152	573	663	728	335	901	806	53	931	340	646	172	289	231	438	
634	753	150	495	830	804	945	199	667	748	465	426	482	896	75	852	814	583	32	990	761	424	70	993	801	319	593	381	608	992	313	985	722	352	56	768	971	584	93	695	101	235	101	517	1000	602	54	408	373	46	164	284	691	554	994	43	867	340	632	518	363	464	93	392	653	80	355	528	719	533	205	679	462	607	852	404	591	482	332	986	861	14	244	138	842	822	467	701	383	306	8	4	161	881	666	765	344	592	958	382	
382	482	78	892	265	749	237	338	781	513	48	507	921	752	524	54	471	805	53	582	175	972	719	316	805	236	432	1	163	417	60	512	136	147	525	251	998	219	1000	473	854	118	487	635	78	291	592	866	19	804	870	829	378	853	5	799	543	221	128	667	412	128	77	801	375	759	970	819	314	183	333	434	576	70	796	233	247	35	714	755	720	170	248	133	857	889	334	44	307	440	613	853	221	827	255	536	791	414	991	790	
737	208	381	521	930	852	20	795	234	608	673	627	8	509	655	252	597	457	726	222	88	550	23	612	516	681	213	648	51	768	406	332	552	1	300	134	565	687	585	100	635	779	2	935	124	109	432	299	590	534	564	373	870	883	488	437	173	750	678	3	864	421	522	91	659	640	351	242	746	395	199	135	660	686	382	619	860	779	262	606	537	938	325	534	924	998	253	390	866	18	935	172	298	610	800	770	594	406	549	567	
887	966	250	719	870	308	533	493	213	456	489	377	352	970	499	755	586	621	575	341	836	761	985	585	985	936	646	933	941	992	98	669	3	344	373	58	569	559	617	978	456	978	927	462	702	922	710	627	227	207	66	160	97	990	600	141	840	973	738	217	542	679	83	688	254	457	448	731	347	748	971	65	272	943	912	49	639	210	351	645	325	69	110	324	66	402	29	330	919	847	638	987	17	649	462	730	177	226	402	247	
733	180	311	567	694	712	827	9	385	950	787	641	165	648	619	37	250	528	43	67	674	966	691	209	164	619	700	206	98	988	565	450	113	139	953	150	104	898	28	595	907	28	462	125	677	121	854	642	846	511	311	112	4	775	807	224	138	392	67	170	829	935	630	239	20	940	453	988	704	244	552	529	541	469	607	389	977	137	690	768	157	700	489	988	190	392	907	632	146	929	226	53	100	608	759	258	571	495	710	860	
480	313	572	439	60	972	255	581	899	348	676	163	249	695	250	143	830	201	263	561	970	738	116	248	785	494	548	904	857	325	409	476	345	210	194	259	419	122	209	292	329	519	762	988	339	560	51	955	827	405	382	114	445	994	227	462	958	250	523	82	430	349	556	260	202	590	139	488	733	830	108	971	632	818	278	441	317	30	386	777	262	509	806	631	1000	652	794	77	537	1000	458	346	15	157	265	963	260	169	27	390	
198	182	64	970	246	421	346	320	355	76	898	534	972	323	875	387	255	614	645	937	266	42	433	976	725	813	511	494	103	847	399	237	421	657	678	497	568	686	702	129	955	274	215	681	226	26	731	74	377	269	707	1000	87	587	107	242	460	914	228	175	936	860	708	287	313	563	902	792	631	758	474	921	205	653	722	860	707	891	479	371	680	958	406	419	582	995	748	544	839	16	690	726	865	206	165	709	834	606	151	191	
903	972	223	463	266	549	423	265	712	883	464	55	450	735	319	561	885	958	565	264	144	703	942	577	936	829	838	886	350	661	420	911	304	736	187	161	984	640	612	342	352	547	844	149	2	787	380	818	579	631	869	142	138	974	412	709	137	520	212	940	83	511	767	592	529	273	931	612	368	732	713	860	658	233	637	811	254	178	226	411	355	976	376	79	401	499	160	122	143	453	324	352	919	682	269	466	830	627	698	14	
647	212	44	204	810	345	518	930	470	493	843	252	526	966	586	285	202	739	528	18	981	289	941	341	403	214	319	978	564	369	4	706	412	696	808	930	319	710	412	119	118	343	936	341	32	540	61	672	597	162	446	151	996	776	737	946	536	228	913	76	614	103	900	981	591	126	100	327	318	350	176	95	141	738	54	163	726	569	315	115	904	411	598	528	76	199	53	791	466	887	401	212	326	302	628	249	324	475	820	820	
861	89	67	150	543	583	547	138	714	439	479	318	592	571	809	85	584	49	963	28	813	347	609	283	4	433	752	988	60	116	561	980	371	324	3	16	224	470	0	366	318	593	420	60	285	972	588	195	67	138	801	263	769	242	416	879	297	312	295	457	609	700	758	470	965	908	604	1	983	344	925	406	594	407	768	434	742	742	267	615	768	625	461	823	932	855	820	969	537	489	447	653	958	290	823	677	266	648	58	528	
953	438	650	661	410	705	793	130	630	976	69	805	264	504	704	601	159	82	109	111	517	468	579	868	356	304	142	408	467	528	254	278	443	70	227	974	385	812	331	939	841	643	47	461	741	109	600	82	302	691	475	762	456	475	384	169	269	386	576	181	687	381	991	361	546	846	685	1000	144	159	86	208	42	761	201	102	786	83	364	980	296	763	902	2	493	199	539	421	96	871	838	273	545	345	329	113	546	172	496	922	
876	336	790	812	394	200	843	900	467	290	523	711	260	401	949	891	288	111	380	610	316	982	396	787	969	250	135	178	65	998	752	45	579	273	586	19	188	341	691	387	681	615	993	585	66	710	245	643	194	879	358	936	187	545	706	392	186	835	820	50	787	194	190	720	636	293	251	427	169	117	747	527	612	30	114	10	188	212	234	167	621	333	426	940	488	285	391	391	120	918	325	253	836	263	344	301	598	469	717	713	
737	465	407	185	974	712	28	349	447	181	199	389	159	673	835	855	618	756	603	100	33	115	48	744	848	576	480	821	16	550	889	530	501	783	411	347	71	464	859	651	223	581	861	610	561	209	970	292	230	767	635	491	341	281	852	7	419	649	276	673	890	461	424	130	810	278	654	943	251	31	845	164	24	356	936	343	875	794	547	284	227	586	927	195	117	674	59	257	654	264	740	459	219	409	573	815	74	293	84	990	
795	507	579	49	639	759	645	959	926	734	838	860	268	20	290	955	623	637	153	469	815	305	113	330	962	161	652	507	111	484	784	892	266	334	147	673	523	995	760	512	532	52	639	571	522	305	933	735	341	689	855	27	239	292	425	864	921	309	941	392	520	940	878	956	107	453	751	995	308	159	905	8	12	239	331	382	679	804	248	915	950	736	945	771	865	915	214	117	2	995	625	908	718	257	9	958	290	530	305	1	
802	47	783	747	974	306	471	864	228	732	242	7	10	882	683	793	593	947	202	870	626	949	861	264	629	508	367	939	638	10	949	948	673	168	28	819	401	70	790	48	945	331	388	371	874	784	385	681	922	424	888	339	418	972	325	416	182	888	632	507	268	840	382	548	931	79	427	217	652	73	123	853	627	787	907	332	840	131	263	683	13	400	681	324	203	556	808	757	950	667	373	532	527	436	707	472	278	25	320	180	
384	460	726	397	93	480	559	525	53	571	903	827	225	776	250	899	911	487	776	573	209	398	241	718	964	689	856	351	534	458	659	84	367	389	613	917	986	645	471	538	574	201	524	948	828	458	750	377	276	219	934	911	192	497	131	492	120	140	142	675	359	401	125	981	833	629	32	263	197	576	865	277	366	516	597	973	901	537	333	998	322	815	500	656	77	671	289	693	778	414	332	522	523	812	689	104	846	367	44	472	
102	697	343	510	326	6	656	305	712	818	509	865	679	788	77	439	866	495	999	927	790	453	567	682	350	1000	527	326	248	731	72	539	625	649	32	897	425	319	343	195	62	353	926	69	362	199	963	155	228	187	650	859	418	745	425	834	506	401	826	886	314	735	787	165	384	69	885	158	989	318	779	6	998	516	775	67	649	621	730	824	452	184	236	787	317	511	77	867	990	331	593	368	801	726	279	562	981	160	497	233	
68	589	298	387	392	162	209	390	683	907	642	945	430	358	801	573	131	314	944	69	50	920	467	912	956	105	310	519	437	535	451	134	663	208	801	680	358	723	672	359	543	252	104	490	133	652	329	38	489	516	351	749	264	768	492	672	870	117	794	706	823	272	184	350	412	555	861	499	593	172	287	969	385	315	159	405	244	219	872	833	666	949	590	895	502	395	488	149	304	241	897	236	558	166	588	397	585	821	368	176	
458	514	95	614	435	772	640	783	80	66	86	982	119	278	351	530	144	115	874	755	608	326	239	913	596	948	267	479	761	955	45	659	642	290	78	413	424	90	776	78	554	22	318	491	296	284	773	577	494	199	749	276	414	77	813	200	609	991	287	51	553	50	185	824	371	262	346	600	756	709	63	7	754	625	487	97	469	247	251	308	584	463	273	682	599	818	151	277	715	852	644	988	784	567	95	229	143	739	382	791	
894	212	857	707	347	589	730	946	755	45	65	624	426	310	8	366	608	942	547	87	416	275	761	10	480	179	984	238	50	917	742	422	697	679	383	289	967	274	984	826	222	828	741	161	640	206	717	432	99	491	206	461	396	384	6	110	162	298	28	100	13	10	55	577	880	785	423	389	177	968	114	873	336	580	753	656	973	952	209	283	28	537	106	234	261	418	339	428	37	435	47	563	846	910	251	256	596	766	524	47	
350	855	749	610	120	643	811	787	733	486	184	803	705	815	634	705	266	420	987	798	720	127	793	614	591	546	25	562	74	113	461	26	984	874	2	746	679	590	439	236	666	74	117	533	225	826	406	107	73	458	209	687	994	843	88	466	770	123	801	103	230	137	478	976	800	246	997	2	915	542	559	924	414	616	182	195	366	845	265	23	750	267	547	561	672	283	788	75	207	75	290	461	474	840	612	595	815	831	870	285	
407	610	95	382	660	934	833	150	436	525	336	112	171	389	457	930	617	797	84	388	507	704	261	746	99	275	928	809	803	825	952	238	583	404	262	792	2	891	415	514	689	402	829	506	814	87	240	432	447	767	924	821	205	365	965	383	111	77	879	618	164	607	252	512	699	151	90	761	819	597	151	40	181	884	384	455	881	466	863	826	443	49	90	127	804	58	296	793	504	297	185	118	497	324	1000	489	438	913	63	99	
906	859	1000	51	663	239	347	422	848	395	898	752	755	31	642	790	481	841	106	476	295	690	174	392	482	522	148	238	171	208	903	947	909	340	882	185	436	528	485	604	290	865	420	172	508	359	43	540	827	552	344	219	83	64	391	984	965	694	137	834	878	748	147	772	801	677	468	983	467	988	579	631	785	636	417	456	631	666	101	895	680	808	255	337	989	168	543	703	968	302	699	3	500	154	698	238	7	363	457	398	
878	152	258	517	358	93	289	686	835	598	912	363	579	53	666	600	931	178	213	545	413	187	36	413	163	636	824	237	690	856	966	676	279	772	281	98	79	979	851	996	345	979	533	139	564	958	391	257	911	462	698	780	205	867	525	294	564	321	896	661	624	95	273	862	982	137	28	940	794	257	787	300	730	388	412	108	242	53	138	795	351	266	530	354	882	16	212	809	537	941	866	446	925	148	613	525	823	299	467	308	
377	904	528	700	396	770	332	170	981	734	465	534	527	517	301	613	903	837	502	250	864	120	502	728	458	414	883	825	497	140	549	890	340	600	720	813	6	979	642	259	806	796	970	200	883	907	32	83	123	740	808	166	592	169	412	769	779	24	354	305	863	108	791	70	720	135	479	754	793	679	782	120	517	836	763	102	58	994	719	138	22	642	198	865	822	728	489	647	102	605	315	380	461	94	308	797	551	583	99	342	
871	806	623	17	941	296	921	182	142	495	387	339	528	654	232	581	592	147	396	356	514	958	580	819	992	937	534	133	508	26	141	239	418	56	423	698	661	464	907	87	78	911	908	901	458	735	52	761	363	703	429	32	378	488	140	488	536	642	946	444	864	22	231	12	157	699	208	746	914	332	767	87	89	866	926	58	2	137	904	430	288	796	814	42	73	638	345	393	659	241	303	560	461	881	263	208	711	394	424	982	
571	65	700	883	556	817	807	949	300	526	178	183	25	292	828	16	495	914	122	105	611	173	131	732	99	44	648	241	718	496	276	934	969	599	366	902	996	446	368	996	424	521	841	968	816	622	125	958	848	256	828	829	246	708	447	63	671	520	794	245	610	308	375	532	723	76	161	394	1	339	325	469	976	809	805	566	580	42	321	641	75	486	693	862	65	491	650	121	288	893	81	453	697	868	589	900	671	79	150	796	
864	229	466	441	37	962	516	876	539	652	24	464	450	634	926	166	1000	937	319	480	41	556	283	827	156	914	739	177	770	553	613	163	217	21	704	281	87	851	263	126	960	667	862	241	120	571	801	960	18	208	105	578	618	334	138	644	831	271	23	970	533	848	14	143	143	97	823	610	152	526	809	0	383	346	730	561	702	480	865	644	815	842	394	171	485	932	12	493	316	453	516	32	588	762	365	46	553	798	557	575	
