785	930	155	123	655	566	128	724	255	258	881	51	173	506	475	420	741	360	685	620	328	546	402	36	561	275	844	973	290	680	113	984	176	335	627	494	86	706	531	702	507	769	39	719	597	633	179	988	571	911	469	290	223	258	33	950	627	604	112	134	16	54	163	127	960	738	754	120	708	694	863	379	497	420	684	820	185	273	413	834	274	791	731	650	663	540	516	313	979	700	583	899	787	814	796	45	510	976	884	606	
411	252	860	46	992	680	897	500	314	466	906	550	870	612	175	158	303	69	535	303	978	91	82	446	153	367	896	718	699	554	786	376	433	627	812	423	146	581	855	957	663	221	731	458	812	998	593	348	247	444	999	529	122	599	791	300	520	712	263	947	755	195	547	827	567	748	75	209	353	758	898	411	302	992	508	85	73	556	859	858	66	655	903	257	280	877	772	6	145	109	431	330	392	893	641	316	987	161	985	825	
296	64	40	351	728	343	876	432	660	384	689	922	962	126	911	597	32	327	862	533	380	794	656	490	241	179	453	77	251	132	809	634	858	725	426	444	869	153	653	626	182	797	732	788	634	853	599	55	42	338	738	129	4	318	81	454	768	932	845	543	253	36	814	714	291	825	573	623	899	273	755	88	708	240	211	969	410	385	546	0	119	102	974	307	838	436	788	159	258	112	913	806	926	752	997	739	777	411	2	616	
116	890	45	435	269	953	498	176	666	595	982	233	350	193	849	522	112	794	700	946	62	533	474	974	113	46	499	308	237	467	492	947	45	418	57	640	66	643	595	724	684	213	990	312	783	234	867	229	453	639	45	478	421	774	478	40	339	351	925	452	996	32	371	860	120	370	252	126	138	848	878	509	122	124	932	227	379	660	190	89	828	101	337	786	90	917	881	765	70	509	7	16	156	489	437	40	182	219	312	853	
513	664	244	942	679	533	750	269	988	536	665	438	399	948	128	854	361	358	519	635	381	975	296	599	794	81	512	401	683	84	378	820	955	415	337	213	961	663	905	885	796	939	821	284	430	179	385	267	984	425	858	862	571	685	61	991	865	668	347	486	901	516	721	928	495	381	252	467	551	818	121	979	828	572	30	709	310	818	971	465	226	612	880	613	956	357	464	28	622	43	785	12	295	743	334	89	657	57	377	7	
245	5	488	277	449	435	825	114	660	759	118	960	420	352	318	138	17	502	588	792	412	59	614	775	958	559	735	731	566	617	948	982	440	946	94	260	50	608	750	913	472	317	74	994	215	850	975	933	503	802	999	97	987	41	936	549	324	644	148	22	916	192	659	555	362	464	561	699	942	467	801	655	123	800	378	608	678	695	365	326	797	69	516	330	790	442	232	692	951	270	796	545	221	980	261	658	698	131	73	610	
749	542	752	13	49	322	958	717	889	495	366	409	58	573	974	846	583	744	13	858	34	670	147	655	114	208	811	228	269	192	540	908	295	975	879	36	86	803	28	506	92	63	974	642	552	1000	387	788	308	217	624	383	77	936	127	900	482	761	883	254	546	793	930	229	563	225	959	644	80	999	392	454	778	445	492	536	777	963	574	1	88	790	219	189	501	210	885	208	9	216	785	609	998	740	443	40	763	121	285	430	
989	389	926	109	257	798	599	735	496	121	522	495	226	999	688	218	879	785	332	581	272	551	272	918	740	955	51	438	179	880	383	543	492	27	103	141	534	489	673	233	661	192	448	596	371	306	64	574	852	970	179	696	177	190	244	412	388	156	84	938	22	580	890	41	709	829	897	800	780	327	939	699	640	859	943	625	101	545	502	979	904	37	361	801	299	206	255	8	518	687	42	171	83	290	121	989	382	557	395	872	
861	775	763	842	631	863	94	318	13	651	666	107	461	159	95	629	477	705	595	65	914	448	22	671	461	53	56	898	651	286	791	875	205	873	274	463	899	792	787	46	661	821	549	585	111	676	834	634	92	438	144	148	108	11	703	481	247	680	454	534	773	619	982	237	163	605	406	145	766	34	81	58	521	648	733	114	72	447	82	831	620	813	44	339	960	402	193	262	879	125	863	808	536	438	340	122	689	216	125	68	
444	572	116	507	730	676	563	512	898	12	395	1	81	1000	135	448	980	199	135	976	182	533	725	624	352	506	654	1000	657	188	685	577	606	633	721	544	99	499	143	134	72	201	203	982	626	634	797	729	29	569	730	123	659	728	10	569	804	960	448	266	937	723	152	196	603	231	827	894	207	134	874	82	989	987	842	536	991	853	743	258	856	40	580	797	871	279	106	321	612	823	667	242	300	124	393	280	254	904	693	192	
312	974	917	956	75	323	42	446	58	550	509	273	919	902	503	306	86	439	716	557	216	90	55	791	898	805	778	673	999	662	286	664	306	719	796	61	398	802	291	332	796	593	884	136	37	39	476	300	343	202	947	561	262	841	261	494	591	295	498	113	882	239	603	7	177	7	40	863	145	827	960	559	392	36	737	519	291	123	454	986	183	276	255	623	408	326	735	609	675	757	943	710	611	209	318	435	362	358	981	414	
46	843	548	304	782	985	457	815	83	407	179	821	741	303	857	992	73	847	53	785	914	928	296	545	634	829	566	449	420	118	345	188	918	12	478	545	617	151	675	886	654	416	37	179	113	253	646	213	652	918	985	951	354	73	976	747	867	764	588	815	793	639	568	142	191	837	896	942	911	405	699	359	581	764	876	475	273	627	355	157	194	851	781	744	392	561	731	848	467	4	997	5	70	548	166	10	854	354	687	768	
101	608	843	701	831	928	883	814	1000	476	976	173	21	871	392	33	281	669	472	192	396	931	602	70	970	542	199	179	257	644	830	337	901	279	684	245	619	36	342	356	883	817	520	688	76	185	292	62	631	86	86	933	300	310	290	486	432	601	832	729	104	863	227	946	45	246	805	380	83	223	857	349	294	910	992	885	809	21	910	94	194	307	93	395	986	906	862	537	262	213	639	16	554	854	317	840	26	935	371	579	
755	911	440	622	619	611	486	63	959	62	837	881	850	258	870	177	424	38	862	122	60	359	229	873	945	625	557	968	553	86	240	420	130	695	81	443	481	448	285	722	790	267	776	658	82	911	650	559	158	917	649	900	433	306	82	313	491	693	692	982	891	359	845	736	813	689	928	959	280	301	876	879	724	162	20	713	21	966	635	764	720	420	26	157	792	542	153	830	722	743	919	243	431	236	899	268	960	589	263	685	
943	554	866	298	992	641	489	776	589	996	524	783	350	837	685	111	750	949	737	715	413	562	664	914	457	617	873	623	626	284	646	860	557	89	341	870	449	517	28	960	975	414	175	820	260	598	609	414	161	238	370	217	844	235	182	551	205	890	760	707	508	537	726	924	745	348	829	686	569	131	599	18	24	184	948	142	741	954	237	197	780	265	115	267	226	812	74	720	115	153	553	682	427	28	27	371	958	786	536	960	
824	916	180	236	63	211	925	432	25	735	762	379	624	707	258	317	950	708	91	115	676	21	67	682	237	277	28	968	854	105	537	468	530	410	178	746	595	495	609	212	818	412	466	393	875	708	151	946	47	807	794	321	987	299	748	339	91	395	812	63	877	315	322	330	59	645	379	766	708	404	583	420	819	233	878	749	14	710	106	78	236	930	999	473	723	978	828	142	7	997	172	679	234	483	19	674	448	801	950	973	
757	654	477	326	123	824	720	370	191	929	690	997	512	272	403	799	548	742	151	908	754	834	82	335	874	605	335	521	648	332	829	142	854	623	877	353	502	256	637	244	114	305	962	382	969	560	340	778	184	383	724	380	926	429	141	748	287	146	191	18	28	640	612	614	121	341	270	93	724	641	648	72	196	797	615	938	669	101	247	960	891	905	591	109	268	584	278	154	532	348	313	430	28	871	657	228	58	655	222	953	
196	858	655	103	433	671	445	863	957	377	25	864	994	329	875	183	913	649	313	647	331	619	545	543	14	301	855	273	279	325	413	94	744	202	825	814	514	985	248	201	274	754	808	332	268	394	437	330	328	71	218	353	246	181	847	790	198	666	457	44	160	1000	339	76	81	784	718	765	469	245	852	800	637	937	618	43	443	765	494	885	617	850	389	381	596	620	138	309	666	462	329	698	201	740	189	670	832	151	829	513	
416	40	941	416	367	214	657	858	616	310	898	850	423	417	660	619	797	116	853	737	414	540	758	676	63	746	829	91	617	591	737	279	93	491	841	848	626	268	475	999	452	13	312	198	91	581	540	902	151	895	530	999	450	599	301	411	276	726	586	745	892	512	668	189	499	738	193	437	546	687	22	627	410	470	375	860	467	429	129	704	296	20	300	348	251	81	605	5	940	241	90	957	750	619	617	822	933	739	231	337	
220	294	473	34	979	883	869	854	478	701	187	838	894	357	371	662	296	855	678	933	116	753	162	327	903	779	957	438	196	466	627	148	818	337	18	373	862	841	102	597	608	195	652	912	200	994	751	142	971	125	329	448	400	30	191	723	73	769	353	645	920	807	949	137	485	771	826	207	92	523	410	156	682	659	406	89	638	114	848	207	219	390	939	448	776	873	898	596	96	799	93	729	683	473	695	500	861	835	726	179	
309	661	102	293	553	461	914	286	282	186	734	614	689	178	609	958	321	757	788	69	570	540	868	243	94	181	178	421	830	652	620	336	933	21	672	173	36	746	266	645	919	734	61	287	616	456	594	629	954	489	192	70	513	462	365	940	892	880	901	77	786	496	493	566	988	889	359	8	997	510	63	715	798	25	886	733	652	336	810	144	682	342	364	995	646	286	336	786	685	392	525	804	339	956	623	996	71	881	991	724	
54	605	498	560	253	919	815	929	432	551	569	199	578	29	552	800	633	337	276	416	661	308	268	900	464	13	612	212	455	242	410	489	606	341	397	977	496	365	959	381	62	879	188	291	507	569	997	589	659	847	885	919	712	301	394	440	559	623	867	831	219	718	898	53	18	898	558	538	388	242	275	505	705	334	434	844	734	84	297	614	480	761	910	334	557	274	320	97	594	188	53	798	687	485	682	301	375	230	572	455	
528	60	864	986	964	646	411	555	569	359	779	470	804	389	501	499	353	600	95	824	521	99	961	642	162	289	114	178	85	703	792	223	545	268	339	199	761	959	714	264	857	537	942	881	309	785	265	887	167	519	379	127	425	434	506	595	96	576	9	954	779	277	427	585	477	470	319	621	388	284	996	939	669	525	311	952	686	579	878	582	201	483	535	128	373	502	142	104	869	283	736	758	299	869	851	290	616	532	45	560	
632	113	268	366	491	731	292	22	989	561	641	464	133	455	16	624	8	498	175	901	855	239	205	935	294	210	361	643	835	964	153	790	845	980	233	27	173	782	310	566	210	218	971	970	736	562	878	198	95	355	413	658	443	908	931	206	643	554	655	191	832	802	604	369	678	524	247	398	276	277	618	143	642	390	471	554	986	442	901	416	134	586	404	289	849	459	198	856	665	557	415	987	892	627	622	355	726	631	162	149	
963	749	212	688	539	832	625	358	84	997	603	373	574	316	359	340	755	183	566	578	729	500	600	534	671	936	89	500	960	851	377	728	210	185	543	680	108	172	957	279	348	173	469	407	867	325	385	527	88	824	487	111	875	395	380	209	574	729	29	818	879	236	523	106	640	88	980	919	777	508	406	973	977	941	191	719	167	273	657	184	198	346	829	332	505	614	774	524	971	831	671	966	7	718	152	384	443	416	478	893	
915	538	855	522	750	927	551	761	654	637	173	577	126	260	220	467	547	101	213	707	544	92	23	610	956	316	32	397	390	874	78	778	831	161	0	426	681	368	527	365	746	195	685	565	463	985	891	559	607	739	35	824	432	646	501	938	252	256	248	582	977	302	796	488	298	80	17	421	960	40	711	743	89	109	180	12	165	792	126	590	586	938	921	168	858	540	775	63	137	526	757	790	861	458	981	419	992	838	935	815	
916	930	444	918	925	282	919	658	606	498	292	805	463	164	540	234	595	388	263	317	15	308	199	355	193	377	569	855	40	800	73	165	859	896	636	854	594	578	331	694	171	360	509	296	232	998	709	343	883	289	449	841	560	671	61	990	405	94	904	199	746	685	390	830	909	937	718	401	339	77	848	632	625	229	969	879	215	210	148	875	216	63	172	191	790	909	412	647	607	602	31	718	917	571	837	259	547	677	584	799	
505	416	593	986	116	776	243	966	103	886	910	14	278	404	795	661	300	108	537	766	984	748	329	122	845	203	938	777	198	896	125	291	76	382	200	205	985	592	831	308	670	136	485	374	744	774	708	631	971	679	110	863	332	545	91	765	977	270	458	215	124	367	954	627	398	754	920	172	946	480	235	269	349	94	355	197	236	258	994	936	232	365	3	157	45	16	243	428	234	497	453	398	773	740	425	696	418	705	924	255	
61	786	48	122	379	682	634	934	506	194	110	313	461	92	67	896	193	18	916	289	683	521	874	401	171	989	767	997	712	920	402	217	91	487	256	156	243	537	426	399	969	86	223	904	444	80	51	448	18	865	658	1	826	599	126	416	684	954	870	605	273	421	197	658	844	866	576	238	895	301	180	458	964	315	326	369	458	935	190	785	703	680	957	370	914	607	150	54	79	766	792	170	720	477	745	457	260	240	918	462	
701	622	746	828	991	14	686	706	743	25	764	44	293	633	190	642	421	798	697	748	683	529	23	607	720	21	391	395	545	317	412	831	848	889	731	306	730	628	581	21	658	374	196	842	839	732	598	95	859	124	453	181	665	556	551	577	656	616	608	847	972	252	497	43	901	660	386	96	718	417	266	552	371	371	183	683	577	678	949	313	452	823	244	431	789	180	376	929	839	891	749	555	915	916	337	697	104	507	685	728	
741	722	301	835	748	290	957	380	369	360	223	380	623	153	963	398	174	150	334	535	190	286	48	35	113	473	875	573	570	993	327	174	785	324	596	168	304	13	301	809	456	238	724	955	102	573	136	355	207	479	213	396	712	31	294	493	934	622	126	529	8	121	157	796	491	183	550	524	316	658	807	78	326	140	611	543	843	466	639	269	810	91	422	85	334	931	249	913	206	439	176	133	61	443	869	580	462	76	726	297	
288	108	511	429	599	979	995	936	195	910	171	880	474	178	908	158	781	261	17	329	65	93	7	729	118	186	236	808	983	388	76	160	267	259	360	780	398	866	451	882	3	962	157	109	864	998	590	588	991	798	970	568	461	550	486	995	566	496	340	782	649	208	60	376	850	952	96	934	468	500	466	187	105	601	474	733	560	891	228	88	961	850	101	161	838	250	295	614	5	683	497	543	221	431	146	629	193	593	189	875	
122	77	609	802	257	103	851	740	923	147	148	848	164	934	97	550	668	377	792	142	164	693	8	150	168	398	952	613	747	576	953	495	561	590	211	654	158	446	985	484	436	187	15	219	855	965	359	325	118	638	857	428	560	181	247	845	791	913	230	33	516	160	280	299	370	318	453	818	132	44	101	639	649	780	586	880	135	62	552	618	943	735	388	206	115	806	876	696	294	670	892	795	594	301	824	371	874	384	587	403	
501	255	380	966	416	779	313	599	692	78	418	300	448	825	56	744	736	582	650	514	99	385	655	61	44	495	345	520	129	823	137	152	794	291	664	41	454	638	593	637	17	401	394	977	179	961	740	148	552	410	686	40	4	474	322	51	564	78	747	595	678	282	844	22	918	44	360	600	51	737	689	597	215	671	406	570	130	324	328	88	214	818	353	589	486	761	306	438	772	749	378	910	10	908	580	41	581	548	522	102	
272	387	971	604	92	508	233	963	473	763	462	821	989	440	55	914	825	778	883	326	603	154	67	913	837	825	156	758	699	100	186	687	804	321	530	347	442	79	770	873	44	590	337	267	383	180	236	250	814	469	476	364	404	258	582	483	465	619	529	511	150	299	528	850	384	378	177	306	774	174	126	778	984	991	740	590	445	345	469	160	936	503	714	808	473	741	614	793	771	409	694	49	75	32	163	927	782	743	418	419	
152	844	892	605	754	419	622	59	151	303	682	350	919	454	90	656	214	347	315	896	364	655	869	635	179	637	79	534	769	430	334	729	482	251	495	826	748	975	799	749	834	287	591	837	814	162	175	517	591	750	204	945	278	284	323	343	459	767	743	435	939	26	633	848	992	806	648	819	56	409	381	968	307	779	317	802	458	464	888	421	844	263	230	774	191	434	702	546	496	568	518	838	144	928	559	446	407	870	772	831	
673	795	890	356	791	599	288	979	177	506	812	26	592	758	982	388	792	428	550	99	174	990	635	503	698	586	592	29	851	662	402	55	73	175	952	575	530	593	644	20	292	943	37	962	643	902	117	341	989	943	436	907	431	997	959	69	527	724	596	134	62	203	432	15	410	281	749	482	873	680	912	115	534	149	515	558	194	866	834	573	315	672	456	180	55	252	870	7	105	454	334	383	883	386	869	425	766	84	374	177	
598	689	2	991	154	469	208	761	223	161	384	642	589	759	989	772	729	698	531	508	709	153	971	654	753	615	374	588	459	204	929	274	998	472	341	628	273	830	110	117	702	930	613	508	323	302	478	94	62	339	960	867	249	758	985	427	30	771	918	802	824	488	330	286	509	1	726	533	59	612	728	400	120	584	299	243	382	142	25	275	41	817	789	315	644	309	282	293	252	254	462	306	957	806	290	721	24	447	691	697	
372	617	368	76	937	499	740	991	874	273	216	46	976	139	250	217	389	918	332	140	381	400	190	217	743	175	713	653	226	260	611	992	626	966	449	929	924	903	822	797	923	30	764	129	986	117	237	621	8	560	147	509	107	379	320	725	534	562	510	607	84	696	321	616	763	145	757	686	550	243	489	108	106	745	923	39	912	30	671	165	679	264	789	684	579	879	983	962	875	322	401	174	341	949	402	803	662	447	762	717	
631	168	190	522	450	981	584	934	588	628	928	893	653	714	926	679	525	182	109	55	918	702	302	730	606	2	776	873	772	350	286	411	134	717	765	215	363	649	249	244	28	39	764	561	39	995	654	830	27	947	480	134	74	574	125	817	896	931	746	675	949	956	424	767	622	247	825	862	478	584	248	938	403	349	187	915	12	655	275	616	471	826	945	403	27	383	730	785	577	373	790	107	110	396	1000	572	574	776	758	751	
818	329	142	5	42	86	929	694	424	59	515	928	17	814	362	822	891	590	555	872	733	414	298	464	23	562	853	641	668	532	472	442	549	32	954	597	810	110	315	131	397	175	109	655	376	926	943	960	515	990	242	562	674	892	897	981	825	505	898	699	4	310	777	64	933	12	663	693	722	862	827	700	154	746	853	841	507	301	52	751	120	581	996	167	713	828	615	465	684	150	493	896	527	746	129	239	436	32	568	953	
716	182	705	210	32	233	586	861	211	715	754	229	60	983	153	249	728	5	757	766	362	398	392	560	837	301	959	714	650	400	37	950	585	46	787	344	874	901	952	937	843	890	61	721	203	13	593	111	681	665	375	473	953	776	93	848	421	140	766	623	303	238	809	474	489	538	451	307	997	163	770	900	439	146	906	100	673	700	478	843	37	227	562	262	337	578	423	606	368	72	745	806	537	786	796	339	446	664	437	336	
951	506	609	65	850	331	296	121	37	645	384	148	718	266	432	779	333	991	257	98	28	864	129	554	470	887	844	228	261	709	325	871	443	610	385	128	362	988	99	913	677	37	515	471	145	531	602	727	695	238	144	750	583	650	723	26	408	921	733	754	658	725	272	299	408	174	122	789	917	903	388	234	173	642	714	493	784	768	865	53	465	515	387	691	463	694	723	932	834	399	692	271	667	836	185	853	766	94	922	947	
898	697	249	774	430	119	507	451	583	964	723	64	890	579	187	206	922	574	687	544	226	929	231	144	247	766	712	871	888	178	407	41	471	618	768	148	395	9	462	423	849	502	24	552	534	251	251	592	498	454	572	703	549	969	159	714	246	733	894	806	434	884	493	427	373	747	749	679	547	159	471	696	405	23	611	283	403	19	199	59	250	30	339	625	451	774	11	209	476	225	860	13	30	176	296	305	442	807	754	154	
673	673	647	936	183	744	969	890	158	65	452	954	955	322	926	379	417	883	891	515	406	93	724	245	874	580	349	537	303	582	531	350	870	41	587	448	944	694	668	960	507	327	197	968	786	609	984	270	307	344	562	643	5	239	417	196	937	368	158	42	65	455	657	772	796	757	779	398	545	742	845	200	315	118	423	449	532	707	627	886	213	290	417	906	60	970	867	202	184	378	489	217	209	812	805	485	698	895	558	112	
982	509	345	399	509	728	124	879	701	777	1000	342	212	959	360	548	887	555	659	581	840	789	224	209	995	37	6	474	831	453	399	892	383	558	36	68	819	730	956	656	200	553	979	285	359	849	561	820	293	346	968	835	981	467	39	597	627	841	98	316	518	879	189	616	808	574	55	361	928	508	467	374	504	306	272	544	299	530	474	83	495	969	910	402	403	339	536	834	232	205	764	30	594	702	925	914	992	569	184	333	
350	320	126	175	551	538	617	583	990	330	842	673	841	108	741	482	726	731	359	141	638	447	195	976	369	36	720	520	904	743	825	206	671	350	662	551	927	384	725	145	346	953	961	733	11	755	669	448	760	274	729	90	910	953	231	981	77	751	974	508	40	88	199	895	204	662	609	569	105	359	527	303	208	525	388	485	372	158	201	14	959	570	532	326	370	650	988	824	163	336	304	568	655	817	738	149	598	357	739	75	
196	586	547	918	916	416	176	299	747	776	450	298	247	453	742	526	244	261	312	945	586	912	601	515	790	507	766	657	572	497	72	11	922	838	954	297	978	847	211	163	224	722	120	317	19	869	686	524	162	787	574	958	224	45	270	334	493	466	335	228	516	410	756	47	457	715	465	828	530	211	644	880	932	151	41	563	176	96	600	946	367	311	551	979	763	280	83	29	520	100	398	676	68	617	272	6	798	552	988	730	
964	635	421	205	503	608	645	170	411	999	820	502	106	654	874	362	648	164	533	591	141	786	944	852	320	11	907	382	679	485	255	95	270	111	109	169	230	228	136	413	239	988	913	181	686	380	22	307	951	279	913	950	469	779	80	944	597	967	596	931	493	624	44	116	161	459	75	742	202	482	750	113	460	262	984	793	356	421	885	629	499	335	766	847	15	228	396	820	407	67	102	934	727	204	483	60	467	177	46	644	
284	17	867	857	898	887	846	100	584	661	463	375	739	509	304	725	426	68	369	672	468	908	506	45	875	335	600	864	759	586	165	508	344	146	383	936	710	310	636	229	477	338	847	446	688	616	687	804	73	847	349	749	483	655	519	899	762	717	119	679	403	146	313	88	899	99	652	528	618	539	552	99	884	484	952	184	761	560	985	560	65	408	959	0	372	476	609	695	604	7	281	841	346	722	790	501	818	91	936	218	
885	721	848	824	1	38	300	597	751	910	922	681	648	186	420	610	917	311	50	935	854	557	399	494	271	586	88	578	962	839	189	400	890	685	819	879	301	626	81	392	387	244	960	321	182	223	63	997	200	974	871	891	338	836	231	816	76	238	938	19	372	766	349	887	852	181	975	147	615	157	392	463	426	79	558	206	621	650	370	424	588	220	470	978	431	889	400	209	601	413	695	849	316	68	187	669	334	426	184	182	
711	126	81	101	919	337	573	327	305	839	792	172	287	67	236	442	883	782	84	179	804	148	969	968	605	7	491	626	64	952	561	827	911	740	787	768	337	513	755	77	414	932	439	569	530	368	286	536	574	642	906	639	181	236	69	339	532	308	628	830	987	115	862	97	855	847	245	581	299	999	327	87	57	79	555	977	402	376	718	995	559	748	529	811	358	618	374	986	470	855	875	333	681	682	404	755	971	729	456	239	
616	890	102	193	269	435	902	98	1	686	889	724	129	516	916	367	6	550	163	257	751	611	610	825	81	196	715	703	788	406	545	66	689	640	512	440	536	171	31	79	36	772	413	684	917	548	206	293	802	921	338	486	92	4	404	349	323	25	385	885	581	654	954	277	202	604	490	683	809	292	834	397	274	590	415	850	664	548	979	847	252	478	566	455	318	625	436	242	640	977	242	797	484	425	847	670	163	432	840	821	
484	234	640	130	338	268	448	16	596	381	104	602	55	889	180	524	697	42	202	227	116	804	96	409	417	668	169	110	832	944	633	376	246	987	847	723	982	518	529	765	38	13	141	62	231	459	83	190	998	474	312	879	463	398	661	904	17	491	146	262	400	218	908	992	164	750	281	511	751	73	153	303	978	296	397	403	302	340	38	399	874	285	789	345	920	253	399	722	381	981	673	862	565	273	147	164	700	37	174	1	
332	58	442	195	820	82	360	211	819	627	565	28	927	753	185	959	685	269	899	333	903	643	38	94	684	584	758	583	647	9	720	894	369	504	824	801	574	718	404	457	831	223	749	359	797	107	378	712	40	138	513	492	283	768	633	211	279	172	841	295	472	59	171	11	678	542	807	688	390	966	640	633	465	447	303	264	898	34	568	726	913	494	6	482	385	642	512	196	452	678	6	394	372	770	332	117	40	63	620	236	
771	884	92	271	137	230	504	617	13	208	885	244	751	533	956	544	654	692	609	633	903	657	394	710	802	448	472	803	70	830	923	44	95	354	232	450	69	87	815	914	86	994	439	257	296	703	968	448	443	426	422	889	241	653	973	142	687	382	592	911	280	231	155	339	708	347	706	694	362	85	378	846	214	581	348	811	446	772	346	582	704	495	931	478	875	624	586	635	21	236	978	954	287	553	64	363	389	160	647	646	
930	933	155	651	154	920	956	344	511	643	973	506	972	962	448	237	277	597	448	820	819	860	615	332	72	820	569	151	433	681	332	868	107	863	463	407	292	376	899	202	143	109	475	757	469	506	975	739	433	220	391	441	64	85	640	792	673	127	673	424	490	968	42	807	792	690	187	247	514	415	117	785	360	957	556	560	687	81	69	134	959	654	338	116	899	632	97	896	600	514	981	158	452	724	431	640	260	448	556	22	
963	378	1000	445	573	766	469	247	200	439	259	420	813	679	295	217	428	350	121	243	777	622	898	159	642	948	691	153	334	153	294	701	928	761	745	207	896	833	459	513	545	782	662	161	737	28	667	863	838	418	13	893	329	758	264	871	114	652	887	431	376	404	160	957	115	829	483	153	513	531	17	616	519	61	543	998	789	575	595	719	574	440	395	651	48	899	436	102	528	74	795	822	656	44	821	781	499	532	732	766	
942	868	770	547	514	690	229	623	202	531	688	379	498	50	88	380	642	717	263	147	564	73	215	248	887	815	866	384	253	827	660	151	826	80	818	17	766	804	765	233	365	733	985	990	774	850	242	66	876	268	993	3	492	979	261	528	330	317	543	43	507	613	230	428	711	593	269	664	892	187	760	629	977	913	341	460	968	844	788	371	379	867	835	379	61	325	390	235	638	344	566	711	747	226	905	973	53	330	823	869	
687	273	581	570	968	887	336	802	79	181	529	927	636	781	527	557	927	426	530	547	982	100	701	866	554	689	135	399	941	35	833	594	55	235	614	109	700	424	137	861	981	433	280	97	72	545	488	765	906	928	462	213	769	431	792	848	135	210	36	332	37	170	276	891	947	545	721	944	35	508	401	150	921	779	741	378	959	73	241	698	595	339	412	951	604	616	581	844	831	667	812	94	615	482	664	394	6	201	624	941	
484	355	666	49	431	42	997	970	105	731	253	592	748	369	431	851	128	568	556	828	853	850	855	285	615	4	947	650	818	458	819	696	357	184	163	295	926	181	479	616	687	726	633	238	214	642	781	681	822	802	410	340	496	937	798	719	860	520	181	673	96	804	9	913	718	549	995	983	469	340	127	713	112	818	191	248	179	90	504	404	480	313	499	876	936	494	764	945	417	668	706	721	573	863	584	234	324	950	217	292	
633	563	327	600	492	51	501	786	431	417	237	393	625	569	681	193	931	896	571	131	333	72	538	822	222	712	72	826	353	617	701	935	645	373	492	93	818	678	256	971	999	255	514	865	255	954	433	900	748	280	979	225	397	449	420	53	150	432	371	757	666	461	339	939	877	775	497	319	344	927	694	753	531	340	325	745	253	244	10	690	134	964	551	708	898	12	751	165	147	105	675	482	122	507	830	971	934	347	156	984	
690	731	972	997	387	769	160	905	717	622	610	384	429	678	588	952	46	513	229	430	204	728	669	240	309	98	675	470	254	514	119	25	765	905	698	725	808	825	816	850	376	335	731	939	441	916	137	673	37	534	845	792	908	300	547	713	597	714	68	776	691	904	269	419	743	647	704	686	58	589	303	468	673	337	526	800	895	356	312	848	495	381	2	439	526	878	197	83	324	234	931	644	430	286	254	750	806	642	439	800	
80	858	563	542	831	953	834	923	892	701	716	698	117	904	796	406	714	530	448	429	246	320	981	713	876	368	867	266	389	433	530	325	631	161	480	632	411	492	447	622	29	694	369	646	730	676	212	942	160	459	501	592	413	511	363	855	667	358	895	117	6	921	455	127	522	488	421	689	163	813	932	425	195	343	104	844	664	296	623	89	955	294	896	286	248	450	786	683	596	584	617	570	230	507	716	974	53	495	679	982	
339	657	785	376	539	899	352	594	13	176	508	617	578	303	179	659	900	572	763	351	492	230	661	419	417	616	422	178	147	166	733	817	410	718	162	371	217	638	374	328	81	871	455	775	367	976	302	285	728	675	613	220	211	453	428	785	883	86	439	617	630	838	918	91	393	967	848	950	897	695	267	155	891	20	462	197	492	420	955	541	497	786	779	157	323	737	426	518	532	448	326	173	981	593	209	330	685	618	30	103	
162	712	967	919	600	42	242	870	708	245	662	241	667	844	830	123	343	762	142	532	78	302	367	804	205	25	748	878	180	479	920	327	677	528	421	905	377	874	508	216	967	656	370	397	816	865	294	890	745	417	146	393	550	550	4	719	375	366	414	944	977	990	195	905	98	138	938	853	536	982	507	817	537	741	279	199	246	156	474	986	626	876	424	529	126	227	635	320	754	345	151	80	768	671	110	586	751	438	488	834	
560	521	628	770	348	183	465	31	221	823	6	30	905	964	333	497	118	2	123	615	575	202	456	988	114	972	361	817	416	214	173	475	420	443	748	225	604	231	861	206	686	29	324	569	271	409	900	528	129	251	208	866	988	0	71	752	210	169	564	679	544	622	994	780	229	816	639	471	764	676	327	368	333	88	364	594	598	496	911	452	930	29	860	171	804	332	784	286	116	612	774	46	756	358	752	857	194	658	61	454	
213	420	1000	217	569	231	946	906	373	680	282	251	613	723	396	783	216	724	531	305	45	397	172	220	68	381	787	258	155	411	457	407	306	438	535	986	72	32	732	460	503	34	721	342	862	961	449	350	235	869	702	755	463	428	468	628	103	32	979	467	155	897	858	329	23	713	870	650	871	208	92	223	889	968	351	569	188	653	991	701	864	865	311	434	753	273	174	782	835	775	739	95	593	469	498	999	182	477	540	815	
239	186	160	455	440	294	650	828	635	614	432	658	926	293	225	629	269	864	943	670	863	757	568	854	150	677	601	536	635	284	181	136	480	717	985	13	422	76	467	625	769	164	627	602	376	673	511	20	362	506	645	157	749	633	891	742	109	252	150	34	585	609	979	855	661	385	313	673	698	236	5	880	430	291	937	597	534	216	909	286	53	919	347	922	417	386	43	48	399	848	242	516	207	788	57	29	431	222	291	185	
340	753	74	22	381	256	791	446	766	613	544	786	374	262	533	982	101	957	149	770	295	722	30	942	196	455	470	926	148	604	613	780	742	338	326	917	661	65	899	598	758	172	363	644	1	589	751	355	132	926	708	122	729	97	941	115	351	828	965	902	238	342	85	265	971	75	526	952	344	159	5	219	940	902	56	373	350	180	981	614	906	473	133	370	936	436	350	112	200	923	679	974	125	207	40	380	5	713	97	372	
125	498	893	156	679	686	139	938	590	291	400	951	731	989	924	808	713	923	149	184	995	440	989	832	663	70	853	781	929	462	169	221	33	51	774	109	97	35	20	407	98	349	644	718	161	260	952	435	998	626	968	497	297	221	545	4	242	374	760	970	826	673	399	442	19	382	24	568	611	601	110	988	685	290	964	861	758	790	545	801	384	442	430	345	887	241	561	71	83	504	101	57	276	188	765	123	726	850	978	486	
651	13	737	3	275	419	77	172	117	28	227	193	548	851	185	596	856	642	697	216	743	700	292	670	117	298	337	903	927	583	315	481	965	309	271	515	943	230	478	258	538	143	189	306	57	503	99	102	810	376	572	560	206	608	276	907	871	507	229	427	354	530	33	858	440	806	91	594	147	464	716	125	999	325	735	305	645	44	331	869	843	708	198	948	205	418	801	812	206	665	83	975	445	781	498	433	457	858	540	800	
706	988	686	266	602	328	549	82	186	641	164	257	165	271	727	212	835	702	133	119	260	896	179	705	485	484	119	932	408	929	995	531	865	282	289	186	478	862	88	321	244	998	591	395	216	601	46	145	908	625	391	756	959	66	805	259	617	719	52	200	497	9	329	490	40	426	42	487	529	846	737	716	768	224	633	921	129	503	940	116	543	144	111	257	997	194	636	306	466	350	271	483	893	629	466	411	862	482	384	482	
556	66	601	314	613	113	424	386	757	697	853	733	111	319	835	465	649	560	652	866	562	87	66	519	143	471	156	179	667	469	597	688	420	712	32	349	765	106	806	298	515	703	496	626	986	31	261	810	967	507	897	583	861	373	662	248	645	43	550	524	457	759	410	232	908	101	952	894	386	704	106	885	981	75	776	777	988	99	292	919	610	6	892	132	654	854	278	941	608	754	314	54	601	682	303	437	761	950	866	886	
199	753	485	395	83	243	93	580	100	903	267	851	317	42	251	954	523	772	918	901	105	822	474	571	390	75	748	432	954	709	696	171	640	466	503	479	820	867	513	401	949	193	410	102	963	963	39	57	634	816	963	313	830	945	263	839	207	323	525	32	908	475	301	493	406	539	843	968	56	909	397	641	701	404	204	678	734	226	172	966	785	607	779	158	100	113	302	79	447	198	514	231	742	352	904	403	258	694	627	146	
655	297	136	265	574	643	917	643	959	192	523	388	463	204	738	223	246	950	983	796	15	278	269	755	675	959	98	863	966	986	1000	514	497	911	584	250	969	572	602	409	888	281	672	547	963	117	869	717	904	76	135	873	518	882	878	829	67	252	400	173	735	419	660	23	853	935	465	764	528	600	7	397	647	683	121	41	787	920	168	340	215	806	344	523	953	581	300	50	443	750	563	45	693	851	951	71	17	459	110	393	
228	699	276	103	429	735	851	832	970	824	300	39	978	660	235	751	248	615	951	796	649	944	270	892	524	621	231	399	660	529	112	668	706	124	68	437	636	68	298	837	460	803	92	40	925	838	91	462	252	405	88	622	213	163	886	115	974	336	527	531	299	695	509	614	397	237	382	537	261	139	702	909	490	652	89	637	792	656	943	989	543	958	358	424	212	722	395	835	352	11	736	109	223	325	325	265	783	68	754	308	
103	866	508	672	160	998	849	969	66	46	240	294	293	420	651	861	689	748	410	212	213	80	74	74	668	160	776	909	395	913	1000	852	644	788	331	635	961	633	279	635	654	473	260	548	138	265	804	989	559	753	243	600	663	274	756	192	923	122	838	196	667	913	600	512	253	484	506	821	469	563	727	828	285	826	834	259	311	564	191	553	568	101	288	159	691	448	572	616	580	489	408	375	948	159	537	191	95	505	391	596	
638	821	191	328	502	530	161	434	510	966	283	560	296	57	870	263	166	279	271	529	764	599	493	443	128	482	581	272	41	749	497	204	586	769	492	827	809	501	506	430	984	169	142	79	365	787	459	17	787	335	929	495	163	947	486	107	434	800	186	582	696	786	419	829	953	999	263	308	167	440	460	246	180	63	392	196	339	249	856	470	307	340	204	877	760	343	344	237	532	575	650	110	562	572	822	889	82	172	15	476	
751	97	86	335	577	509	375	528	818	189	873	797	303	888	509	177	23	270	115	527	232	255	429	184	664	177	276	904	557	644	742	183	407	469	58	745	62	923	1	458	58	563	462	423	742	379	283	920	567	337	806	541	476	770	714	989	753	645	105	911	522	19	530	467	443	15	795	678	546	151	362	50	427	239	337	946	740	597	844	135	269	951	245	545	245	899	787	868	388	130	889	19	759	983	172	536	866	1	338	222	
906	446	508	301	339	216	584	476	763	453	310	917	845	985	9	261	812	852	554	854	483	390	435	691	465	80	801	145	429	52	71	324	507	394	608	509	74	627	44	609	230	924	424	668	600	829	449	346	551	755	691	781	740	682	200	385	7	947	850	576	672	8	47	613	591	431	16	826	610	189	727	684	811	488	963	636	419	355	417	454	735	293	429	436	852	952	814	49	107	157	882	678	1000	359	454	304	942	136	41	502	
974	506	630	439	710	642	601	350	338	312	981	342	324	132	526	126	132	649	94	469	563	579	12	734	382	872	15	481	306	208	614	579	785	741	650	800	562	752	54	844	503	599	975	523	584	689	787	119	996	286	662	895	654	524	238	21	55	928	368	767	61	73	153	512	339	724	361	610	247	761	26	126	317	388	654	9	877	305	333	398	311	600	689	797	11	941	136	574	283	771	445	389	729	651	500	552	68	484	847	874	
727	227	758	778	683	678	511	932	306	457	387	47	488	115	146	42	307	767	848	512	179	157	966	779	893	644	672	278	336	649	513	633	179	789	624	541	782	899	987	839	91	243	30	3	262	972	877	22	962	663	10	462	874	785	405	65	571	548	64	726	523	514	336	545	694	180	947	224	263	5	770	175	895	35	521	117	375	317	131	293	388	244	922	57	744	533	596	308	316	939	783	21	689	664	203	320	611	169	177	0	
40	186	860	789	335	321	443	643	178	468	460	596	422	355	631	708	982	953	203	653	316	938	593	857	597	469	123	606	951	515	552	673	102	725	686	940	864	427	233	929	59	611	366	737	790	49	463	270	480	474	730	978	357	605	119	993	698	791	544	848	319	318	149	440	722	426	112	242	259	403	797	628	318	491	351	360	401	368	276	92	75	40	407	549	267	439	79	223	353	959	126	947	426	522	526	351	927	7	564	581	
527	448	177	137	590	809	45	49	515	282	649	38	989	754	943	730	154	139	131	641	473	510	234	667	716	842	668	129	214	143	781	671	303	545	822	340	824	18	604	875	880	37	600	542	98	892	649	683	922	920	260	110	208	822	393	923	788	70	969	863	498	131	955	414	480	476	444	698	458	85	291	474	105	161	965	107	989	122	291	253	265	728	307	602	658	402	834	116	109	288	723	270	350	282	751	481	794	755	480	800	
344	286	738	934	717	50	699	699	599	549	684	381	391	608	449	632	786	852	899	925	995	880	795	883	653	604	25	945	887	451	992	605	194	681	500	2	732	685	313	409	237	175	271	212	862	514	574	459	160	264	143	448	54	8	324	743	99	374	828	954	394	826	649	203	583	289	433	856	293	736	63	637	279	781	682	231	633	978	855	936	695	221	327	0	540	270	725	266	211	12	364	74	779	824	243	998	373	729	589	833	
918	921	630	30	10	813	763	544	68	520	706	558	777	454	545	265	69	474	91	766	998	259	810	590	660	565	126	831	488	947	685	713	405	12	551	609	787	861	33	82	842	327	835	11	854	355	956	776	752	538	654	390	155	675	322	26	774	467	592	360	509	108	383	706	282	935	53	630	362	693	761	221	342	651	390	654	212	942	426	48	25	866	578	240	683	941	734	83	25	694	893	646	570	28	698	728	447	995	667	946	
980	406	973	571	428	228	205	891	738	926	3	112	35	143	952	917	308	595	125	277	488	812	696	423	962	646	96	413	627	770	191	153	7	10	156	982	60	120	655	598	740	224	387	616	138	663	704	131	239	78	981	864	268	803	319	480	675	339	612	210	715	883	13	137	443	134	351	829	13	21	375	375	386	602	576	913	579	390	863	845	580	227	95	85	593	221	314	138	806	5	329	881	837	425	882	48	83	524	48	482	
248	76	879	685	507	959	80	64	908	552	961	494	114	220	959	39	859	935	69	769	13	595	187	843	598	316	395	721	28	549	737	207	386	227	997	842	183	187	533	563	542	145	847	99	324	796	333	450	278	608	336	570	194	971	667	714	511	86	26	508	911	888	97	567	888	154	981	935	312	560	8	39	902	147	285	728	56	618	757	605	807	825	999	637	429	804	395	368	243	943	672	156	255	744	514	605	815	695	799	539	
984	879	32	897	846	969	164	616	976	996	301	516	571	887	280	786	60	271	96	411	297	670	167	260	452	646	341	801	854	910	295	140	240	964	939	135	495	735	52	279	314	658	70	890	350	504	788	356	577	663	785	114	38	306	144	225	836	324	29	760	496	28	847	87	394	630	857	120	610	468	789	993	288	263	343	121	225	890	17	246	256	775	715	438	89	604	179	79	898	107	269	817	712	629	371	670	928	842	759	154	
575	481	330	546	669	306	165	500	887	530	821	665	112	985	308	428	499	357	961	79	654	258	323	841	304	787	466	311	344	794	571	497	813	189	222	724	623	980	329	953	132	239	358	166	615	445	908	937	273	370	424	987	967	665	863	365	793	94	17	755	400	656	153	490	384	351	686	779	471	586	721	434	538	280	522	720	585	714	767	602	86	342	682	538	657	583	160	520	977	219	113	640	582	611	5	483	307	335	863	327	
216	308	724	829	181	60	226	121	518	172	880	677	624	498	812	2	733	239	381	553	275	588	599	43	553	333	425	110	508	395	830	485	974	928	373	910	682	7	757	554	495	282	768	302	328	304	560	200	576	334	779	88	716	980	408	683	740	622	339	993	70	802	1000	829	424	581	394	430	180	455	821	291	556	788	168	271	266	805	508	286	514	158	37	289	539	6	621	621	299	209	873	635	487	870	282	228	972	397	790	98	
447	707	147	452	708	274	600	586	259	559	541	873	73	526	722	539	318	211	341	551	628	782	498	91	951	363	980	997	359	659	361	49	176	656	107	49	573	297	127	668	865	333	187	869	849	460	985	940	610	733	383	732	591	474	591	987	54	198	261	845	708	595	640	825	444	719	432	815	161	840	619	0	444	486	587	270	68	318	56	164	657	603	894	258	428	851	411	264	131	467	122	345	715	920	316	56	213	725	890	195	
304	519	722	848	279	419	841	608	860	606	76	111	867	99	74	174	293	287	359	64	959	470	568	191	966	999	134	348	52	231	144	939	477	474	711	987	165	848	563	346	574	659	954	652	394	874	115	21	805	774	991	519	147	820	865	651	608	515	774	699	417	785	167	506	785	773	821	919	51	889	452	532	211	804	218	671	340	263	814	467	967	807	363	287	732	872	360	980	712	509	210	805	331	640	278	693	16	825	506	902	
444	517	703	30	696	622	609	750	56	788	706	32	89	258	563	196	799	365	196	246	836	439	285	816	908	442	810	866	897	348	987	947	719	752	949	541	558	243	973	65	447	504	992	447	81	19	74	357	1000	221	325	531	918	698	385	472	897	960	861	174	417	381	295	301	594	226	392	95	498	377	376	531	869	810	15	781	687	294	915	304	491	860	469	681	732	572	539	808	193	528	75	214	797	550	888	372	691	862	246	657	
338	164	840	524	915	52	917	574	112	711	382	56	465	82	992	984	374	223	571	887	956	874	358	900	804	928	638	22	901	869	828	826	366	205	842	486	644	763	669	896	605	572	41	795	677	718	285	119	700	103	703	648	737	855	835	754	745	869	285	252	257	213	776	235	941	695	526	920	79	902	666	441	910	455	115	883	678	118	993	451	745	454	174	425	294	839	373	379	344	40	256	720	504	367	202	478	678	536	162	823	
207	479	51	51	704	693	612	0	44	710	880	144	881	595	633	723	705	444	562	493	692	692	934	135	908	768	64	118	269	978	0	945	293	462	132	477	409	769	901	303	502	158	271	743	416	886	72	106	145	606	291	518	825	921	985	261	260	373	855	956	53	205	311	951	115	415	953	898	274	858	467	274	876	460	728	683	879	880	22	82	362	726	524	919	635	132	313	757	890	957	186	798	163	273	30	937	463	717	562	814	
396	252	835	384	653	175	85	275	747	432	739	127	47	811	110	451	870	177	971	23	566	771	968	309	907	192	227	805	567	439	627	785	196	205	663	624	339	349	743	519	688	136	860	872	244	953	771	402	254	257	978	510	116	821	441	340	414	560	986	508	156	872	731	699	941	861	303	817	760	455	673	558	30	181	983	491	981	721	136	908	331	672	616	780	409	806	196	651	222	64	12	64	683	720	623	926	823	340	49	457	
980	135	211	325	224	409	222	69	327	880	973	250	655	227	51	300	678	289	724	919	302	220	495	768	9	530	551	646	851	457	759	723	178	175	81	648	608	297	551	78	58	740	843	145	371	150	972	841	810	488	351	683	942	216	824	70	80	940	583	387	828	565	568	936	404	992	530	424	433	444	675	762	530	687	593	211	181	493	591	938	715	807	632	301	751	953	754	976	123	257	93	196	698	602	388	226	973	790	66	86	
65	870	460	871	98	568	946	361	646	669	16	137	283	347	589	256	708	335	241	850	379	125	50	20	173	230	668	714	545	667	689	814	204	145	921	967	80	38	333	780	979	954	356	711	648	139	815	687	962	529	473	531	108	920	185	0	609	657	422	833	22	633	573	249	81	225	634	362	461	993	820	370	844	179	393	920	882	775	471	607	187	386	895	727	665	855	107	675	384	319	221	748	708	488	969	156	538	156	949	59	
