81	65	23	1	67	14	81	10	0	78	41	10	15	91	79	76	41	90	6	17	2	49	2	86	49	45	4	94	100	28	40	69	56	30	72	57	76	22	69	49	64	85	39	26	69	13	22	70	18	49	6	8	22	70	2	21	81	34	10	51	73	47	13	29	43	5	62	15	77	62	90	5	71	93	92	61	32	67	31	14	51	58	90	62	46	69	96	82	38	24	41	15	73	74	90	37	64	57	33	4	
63	91	54	28	41	72	93	64	46	22	87	43	88	99	46	87	15	72	69	79	28	46	61	33	12	42	38	9	79	19	93	70	35	79	28	96	81	94	76	26	25	89	91	82	45	2	39	65	23	19	91	31	42	26	27	30	80	33	86	77	62	54	25	50	36	94	71	1	34	68	99	24	32	44	24	20	84	98	72	12	26	33	98	3	52	94	40	17	35	6	51	77	4	67	33	22	64	24	52	42	
8	16	67	75	10	76	55	26	68	63	19	92	19	7	6	74	67	76	18	41	0	100	38	0	30	3	62	70	59	24	95	13	99	96	64	87	45	41	61	80	95	14	68	34	99	84	53	21	80	10	13	42	15	27	90	29	76	51	76	65	16	62	61	52	81	97	45	18	60	25	51	67	46	40	44	95	87	5	33	41	16	88	68	48	70	36	16	54	5	72	29	77	30	84	69	74	20	87	65	90	
64	22	69	90	28	95	45	57	24	62	94	38	23	86	48	25	13	35	35	99	92	81	51	79	96	1	62	13	13	78	18	27	96	35	83	30	57	64	56	9	21	57	47	49	48	49	21	64	49	3	64	47	100	58	90	31	18	82	42	9	53	9	98	6	81	66	73	70	36	29	37	38	61	36	59	53	60	24	58	46	15	33	52	5	13	62	79	23	31	30	3	36	2	42	99	22	41	54	20	4	
26	30	81	69	16	88	86	54	8	100	65	75	76	68	25	38	70	6	18	73	20	85	74	72	61	37	60	61	80	76	75	44	0	56	18	64	83	83	34	43	13	58	94	90	86	64	15	99	83	60	73	6	28	87	78	90	51	19	42	19	47	16	83	58	12	40	38	63	17	69	74	74	90	55	27	61	32	10	85	36	13	45	57	53	86	28	44	84	31	52	17	51	55	51	93	98	59	92	37	23	
92	93	43	96	37	79	54	3	66	98	45	64	53	21	21	84	36	46	61	63	25	23	93	82	10	35	80	20	17	34	28	24	34	27	69	90	63	85	38	37	42	66	52	80	43	63	1	43	53	11	87	7	90	81	6	76	30	18	77	53	84	62	49	11	38	34	68	41	81	80	82	14	78	76	21	81	35	29	60	57	52	52	34	41	16	63	97	43	75	90	18	2	34	33	48	7	16	43	50	88	
93	46	45	88	9	52	3	89	92	71	66	59	94	25	74	39	98	0	74	52	21	23	8	19	59	75	30	52	11	66	76	13	62	46	76	88	16	7	0	60	30	82	39	13	19	44	72	64	33	67	84	6	9	1	1	41	50	17	81	9	85	0	48	10	9	22	8	2	70	91	47	7	83	48	7	40	59	68	46	8	97	42	67	17	78	66	16	43	82	4	18	61	1	76	36	75	15	65	7	69	
46	69	61	91	52	76	7	87	53	36	5	52	65	77	17	42	2	28	85	40	18	15	47	79	86	67	48	86	4	36	7	84	91	33	1	62	26	72	49	43	29	97	55	75	15	74	52	9	62	4	43	55	83	98	49	27	81	6	7	16	42	19	68	61	9	92	64	12	63	43	25	97	82	84	47	36	46	61	77	36	47	47	70	82	26	0	96	99	56	76	42	63	93	84	5	46	89	28	74	15	
38	2	4	0	43	59	64	0	36	25	64	56	6	93	31	76	41	35	57	97	0	38	36	89	80	82	51	27	15	31	44	47	55	25	23	24	76	66	77	44	43	9	100	59	45	57	81	25	71	99	96	37	31	86	58	11	48	52	40	63	29	99	80	46	67	34	97	40	86	13	70	80	82	31	5	3	55	21	100	69	88	48	15	52	82	8	13	64	3	14	65	89	33	42	37	49	20	11	39	48	
6	22	93	25	17	54	9	15	90	72	19	28	100	17	51	50	26	58	95	23	65	75	24	7	86	35	34	36	58	94	8	96	88	84	55	33	26	12	8	57	63	69	4	79	27	45	53	82	83	58	22	41	71	84	40	32	89	0	2	19	55	45	83	17	1	34	69	30	72	12	13	87	74	17	30	89	76	16	57	34	43	76	100	57	3	95	60	77	77	48	100	99	61	53	55	41	65	91	91	9	
61	84	96	14	33	90	76	74	33	88	74	65	9	73	42	25	69	16	71	12	65	68	64	96	62	88	68	95	89	84	32	10	81	65	12	68	38	45	24	60	97	38	38	73	95	39	45	94	72	62	14	54	89	27	95	0	77	8	0	56	3	48	53	65	52	80	40	23	15	8	29	36	70	72	79	50	72	18	37	80	30	41	30	25	30	24	27	93	91	100	91	89	86	20	6	15	65	14	86	95	
95	87	62	22	25	4	59	57	35	65	3	29	44	94	30	82	83	83	16	32	65	82	68	22	87	35	56	73	19	12	51	54	75	83	34	31	21	25	2	43	7	27	15	94	84	76	12	0	8	80	43	35	51	60	61	84	9	3	26	21	64	68	91	86	42	31	71	55	18	36	67	78	95	93	46	87	74	45	49	22	65	5	49	84	14	43	9	2	33	6	47	53	62	25	3	61	99	23	8	42	
100	76	72	11	81	82	28	71	63	35	82	21	47	95	53	37	2	81	64	7	41	29	7	16	99	86	27	25	26	88	2	70	58	43	74	20	99	75	35	60	46	28	99	98	10	75	48	48	44	68	34	69	92	50	13	52	53	82	73	43	1	59	61	40	79	43	70	11	100	55	92	0	83	20	14	69	71	40	93	32	42	38	13	54	23	70	67	76	71	47	90	51	91	12	9	53	32	87	51	85	
74	48	70	30	65	81	89	7	95	12	19	80	48	64	13	59	91	8	39	64	72	48	38	24	21	30	63	57	47	50	99	17	56	17	32	44	14	38	51	98	1	81	11	37	56	29	31	5	46	12	98	85	77	63	10	14	34	60	11	27	25	56	74	25	76	23	83	4	29	94	75	39	66	35	96	78	80	62	92	97	38	92	39	93	37	88	14	46	62	53	12	19	90	45	75	97	15	81	0	79	
66	37	2	7	18	18	75	92	88	77	8	37	66	27	99	16	0	26	21	2	94	85	60	46	59	77	43	94	41	19	23	89	12	83	40	19	99	3	77	86	66	96	13	92	60	37	11	62	12	46	27	78	64	18	89	0	91	97	46	83	23	30	29	25	94	52	98	92	51	43	30	98	25	1	45	49	21	20	99	47	78	15	45	10	95	73	15	93	43	7	49	71	37	42	100	58	59	94	15	30	
85	51	19	24	86	91	48	55	6	35	6	11	100	73	47	40	66	51	8	8	60	42	51	86	9	4	100	2	46	33	74	89	80	44	42	75	81	25	47	65	39	80	68	67	83	11	68	62	64	91	11	88	81	29	42	94	46	14	17	5	28	75	67	49	32	21	13	9	33	25	100	62	44	87	12	12	36	54	22	32	48	15	99	7	26	41	30	37	51	0	27	31	22	61	6	53	86	88	39	56	
78	20	99	58	55	8	65	17	47	7	97	12	86	12	72	70	85	96	80	93	36	80	26	20	67	7	13	79	21	51	64	73	34	32	72	45	2	18	66	8	21	17	14	74	56	65	44	14	79	2	97	20	30	83	8	65	99	43	13	85	75	62	87	64	96	3	92	58	18	81	73	52	79	86	94	26	45	100	83	12	50	56	82	5	57	5	30	97	62	50	20	14	75	93	51	41	59	80	3	23	
4	7	60	68	35	99	32	64	12	10	7	27	89	4	48	41	16	10	98	64	80	83	45	93	72	65	39	8	34	3	87	16	21	48	24	80	57	66	74	66	33	40	15	83	94	97	24	59	70	72	73	22	61	70	27	28	72	13	89	97	25	97	41	99	38	10	40	24	1	21	64	26	18	61	95	41	80	25	34	4	27	80	9	1	93	98	64	65	100	32	58	30	25	83	88	100	47	90	44	67	
14	93	46	66	45	3	6	75	64	30	61	47	25	76	15	80	55	59	25	45	27	58	23	38	84	71	56	47	97	72	66	45	23	68	81	31	8	69	0	30	43	38	0	51	98	13	37	40	55	37	53	80	94	40	64	84	17	82	93	67	81	95	95	2	84	27	33	27	98	45	1	19	5	94	97	37	48	99	95	86	83	18	26	64	76	7	17	80	93	99	22	93	73	62	34	32	73	62	57	80	
67	54	77	62	32	22	100	79	80	64	35	77	46	7	88	7	80	80	44	69	40	22	3	46	5	73	39	42	57	99	92	72	69	63	62	51	31	32	89	35	95	68	67	12	69	47	34	83	51	10	71	76	92	95	74	47	40	51	64	9	32	8	17	19	82	88	72	96	44	31	20	15	99	37	94	0	60	31	10	5	98	30	80	69	92	11	30	46	10	69	69	11	74	69	61	99	3	97	87	25	
35	64	52	28	69	88	2	12	10	73	17	19	8	39	44	10	39	57	65	12	68	88	81	77	91	54	82	25	21	34	39	47	65	9	64	71	99	18	89	75	28	95	91	59	84	97	61	93	23	55	0	91	70	99	49	24	5	99	15	35	15	25	5	57	27	10	1	92	72	36	9	6	43	76	10	30	38	3	71	45	14	25	16	62	92	20	6	3	35	49	42	73	33	67	4	48	62	31	81	32	
62	2	99	14	67	20	34	52	86	95	3	42	93	83	79	61	20	98	97	78	79	42	25	92	41	9	40	24	12	59	65	99	77	54	14	78	50	7	72	9	82	47	25	51	39	48	16	15	75	56	7	69	29	95	74	73	48	25	97	76	79	9	54	16	25	72	16	59	1	37	81	33	55	93	17	98	37	37	13	55	96	28	39	89	72	95	5	53	73	69	55	7	20	7	89	41	97	100	61	94	
9	3	0	5	90	27	33	93	90	35	89	29	71	89	95	67	58	60	66	24	7	41	28	30	61	95	59	74	90	80	95	52	56	23	72	99	5	14	67	18	81	13	61	55	58	57	15	6	51	32	17	30	54	18	76	46	25	29	59	86	55	71	88	95	58	83	52	72	41	48	56	35	55	0	9	62	18	65	43	57	19	7	0	12	46	90	18	46	67	36	3	17	8	74	3	61	56	75	11	17	
50	71	22	16	27	82	95	32	66	28	61	83	30	14	57	3	52	31	72	58	74	87	39	85	28	47	25	84	98	35	10	8	51	35	54	53	55	94	28	77	35	28	32	54	5	81	91	30	78	18	15	88	67	44	28	42	52	80	59	66	21	59	35	54	9	41	86	59	16	49	24	76	69	57	83	23	89	32	42	93	67	95	51	58	14	93	95	31	3	86	45	71	38	95	8	5	34	52	72	78	
10	74	70	35	8	46	40	16	36	88	61	97	13	94	8	70	67	89	20	98	54	44	37	12	21	69	61	24	44	57	16	33	79	10	28	15	59	89	40	1	42	100	4	62	28	0	15	50	40	1	20	28	27	27	73	74	55	94	1	45	52	24	38	83	14	42	83	83	35	77	10	81	57	73	100	11	24	13	25	87	82	77	75	55	85	85	58	24	37	13	51	53	99	17	23	0	3	43	4	94	
53	64	32	94	98	15	17	24	45	61	24	75	72	24	15	1	94	41	53	25	28	66	46	60	8	22	42	24	95	72	70	20	67	74	38	99	11	75	84	62	36	38	83	64	100	91	85	94	12	47	17	90	55	92	87	92	38	37	0	18	44	41	4	43	69	19	78	16	77	64	86	14	42	37	11	54	87	79	73	12	37	57	61	35	67	27	39	51	29	2	31	80	97	48	50	76	90	71	39	44	
38	45	72	41	63	14	20	18	2	38	97	5	3	22	74	65	38	32	35	87	39	6	55	16	1	81	86	16	76	36	62	47	71	38	68	45	61	37	83	65	45	99	21	66	13	22	14	29	95	55	35	63	64	52	87	82	90	61	78	25	51	16	44	46	83	85	87	86	18	100	23	54	14	75	74	72	20	34	72	68	22	59	40	6	40	22	77	81	80	24	42	74	3	35	58	57	86	3	14	44	
72	55	4	69	35	35	80	88	42	13	56	17	83	53	69	79	88	7	2	16	37	71	11	13	0	38	40	83	2	63	23	94	24	52	63	22	12	36	87	87	80	29	2	69	46	50	100	43	24	97	83	68	78	51	47	96	20	62	92	52	25	55	60	20	35	16	73	93	67	58	87	6	82	75	8	51	55	5	95	2	95	70	23	36	40	53	85	48	51	83	0	78	50	33	58	18	33	33	77	91	
96	44	77	52	72	71	15	65	47	59	9	26	11	21	20	54	5	53	23	38	66	38	15	63	23	19	98	17	74	48	10	77	36	47	10	81	58	80	1	3	63	27	7	53	69	12	81	29	41	64	62	92	9	72	13	67	26	12	52	54	51	94	16	96	66	42	48	16	28	1	51	99	20	95	68	16	9	66	85	6	9	28	59	41	36	3	21	74	65	94	48	44	12	89	90	72	23	86	50	28	
6	98	37	52	68	11	61	48	17	83	40	94	0	56	6	76	53	74	23	63	46	42	90	75	19	18	23	34	93	89	75	82	68	39	58	63	60	50	94	45	2	63	69	95	2	8	26	54	26	18	39	0	95	85	96	97	35	46	10	91	64	89	100	75	27	64	49	77	95	39	18	89	100	1	88	2	31	30	7	11	63	38	42	48	5	14	49	70	40	78	67	45	29	22	19	2	35	61	9	99	
96	52	74	3	88	66	96	80	92	21	79	74	72	64	97	35	86	10	27	62	96	71	100	43	58	78	22	50	1	7	7	22	15	84	90	35	24	66	66	80	42	28	65	3	84	17	29	95	78	87	0	77	92	71	54	36	8	48	48	69	41	25	77	18	89	22	48	97	1	76	56	3	3	69	10	54	11	83	0	21	1	8	44	18	62	42	95	43	95	7	82	80	67	96	86	87	73	68	95	30	
68	79	34	2	92	93	51	18	7	90	27	32	30	27	97	5	64	4	78	96	82	43	21	85	97	9	53	15	67	21	19	91	31	43	11	6	27	56	9	26	36	76	96	66	6	95	3	51	87	99	30	48	34	58	26	0	19	53	3	18	34	46	76	18	12	81	36	63	96	78	46	70	66	68	62	72	49	71	76	13	49	71	50	43	87	12	100	29	58	86	69	38	33	68	26	78	99	92	2	64	
81	15	11	94	93	38	79	59	11	90	53	36	54	19	40	11	33	23	17	54	36	67	71	25	40	68	47	33	65	33	31	78	61	10	1	31	99	34	79	11	26	79	80	49	19	34	30	76	2	24	45	26	40	56	61	86	80	35	36	62	9	2	87	76	99	61	97	17	6	19	55	44	73	1	71	44	80	9	23	56	12	21	12	93	70	8	30	71	63	17	71	31	16	97	26	21	95	1	67	98	
75	50	49	88	50	94	51	53	55	85	58	71	15	58	16	58	60	80	73	48	49	55	9	62	97	18	5	43	52	34	10	98	55	50	17	9	44	89	88	9	29	68	42	2	18	78	9	7	6	96	45	16	37	41	84	73	25	52	38	64	10	59	34	20	67	50	91	92	46	95	71	43	33	90	66	44	11	82	54	33	2	81	85	90	85	36	77	18	100	1	98	83	94	32	29	6	27	85	17	72	
53	35	9	0	4	60	40	42	45	63	93	3	11	90	71	80	91	57	39	22	87	4	96	85	4	15	85	35	43	88	89	38	74	99	9	36	70	22	95	52	43	23	5	84	84	61	46	32	88	63	46	7	22	59	89	52	76	62	92	59	86	9	50	3	54	100	47	97	31	84	18	2	78	79	49	49	80	65	56	5	94	3	78	95	72	7	64	77	42	53	63	53	86	37	16	92	74	79	17	50	
81	51	55	71	60	96	50	41	15	99	55	60	26	69	85	48	70	92	74	18	66	7	13	26	92	51	87	19	18	9	80	41	54	98	5	89	20	53	13	72	24	30	94	12	26	60	39	46	46	78	13	36	1	69	79	8	79	28	14	58	48	2	0	11	36	51	49	78	17	21	74	35	51	40	31	77	89	48	50	32	38	83	37	30	97	23	10	37	33	52	35	28	32	18	78	36	35	69	13	77	
70	96	0	4	64	85	53	17	13	98	22	75	18	100	54	1	58	63	58	29	55	0	34	28	78	3	96	67	23	59	38	25	97	8	11	98	56	40	20	29	68	30	33	68	91	33	92	69	53	87	55	79	21	62	1	87	47	54	30	71	84	18	76	36	34	90	81	75	96	53	67	83	88	22	83	52	46	58	61	15	96	47	7	2	48	88	33	30	50	43	73	69	63	85	77	22	65	42	64	18	
7	54	32	31	96	83	37	49	54	48	98	89	55	99	10	71	21	23	18	40	3	90	81	32	45	13	81	92	71	87	21	60	70	82	92	2	100	19	97	8	92	31	9	7	52	15	94	93	85	57	74	64	22	71	59	27	11	33	32	52	16	44	44	49	11	86	5	13	20	19	73	58	66	39	36	98	11	85	9	65	54	18	43	53	78	31	25	88	70	88	56	16	59	0	91	60	86	5	48	2	
99	30	11	34	66	35	52	15	29	64	28	17	25	41	79	9	93	62	57	40	25	62	27	22	70	40	91	5	50	76	58	67	11	49	24	34	40	73	88	65	45	56	13	47	90	23	100	52	71	94	10	8	83	12	47	3	98	37	91	63	52	10	89	24	15	81	8	30	30	71	73	29	15	79	40	46	45	66	71	75	15	45	85	49	75	45	59	29	29	59	79	62	6	29	76	91	51	93	2	3	
12	99	9	19	26	72	43	45	45	96	87	39	97	39	25	92	37	19	39	52	79	73	20	73	19	75	54	56	73	7	0	36	66	14	5	50	66	51	19	8	53	71	28	51	22	26	48	66	50	18	71	66	37	61	95	46	24	24	93	12	74	94	98	92	72	78	89	37	58	49	66	33	54	86	4	78	54	84	31	86	32	66	69	6	44	91	41	25	34	23	1	86	66	33	84	52	61	47	98	15	
55	84	77	73	36	65	54	17	52	98	65	6	45	12	36	52	45	73	30	9	78	64	24	56	36	90	86	65	21	40	71	75	48	35	29	22	14	50	14	76	70	5	1	73	68	81	50	75	47	20	40	55	47	92	15	41	64	55	6	88	100	9	81	69	99	32	13	35	24	90	79	13	71	79	4	36	98	75	14	19	22	39	48	20	27	25	2	51	23	20	46	44	65	96	18	71	64	86	41	19	
54	36	19	5	83	41	22	43	64	59	0	46	4	50	47	32	83	85	3	98	63	17	61	98	2	25	40	78	3	60	27	72	69	91	85	77	2	5	58	7	65	93	11	14	85	12	43	57	77	48	54	93	87	15	47	37	74	20	69	39	76	33	93	85	90	0	88	37	11	58	26	74	85	87	60	16	73	30	53	21	54	57	76	52	49	2	41	55	67	24	23	50	48	81	80	60	78	73	79	14	
16	36	12	86	96	27	30	74	16	100	15	50	4	20	71	33	97	12	24	55	43	58	97	71	44	64	24	75	1	50	58	19	6	24	25	50	8	38	0	16	82	16	36	95	13	76	28	69	73	42	32	79	0	20	21	52	73	82	31	69	19	38	95	33	61	3	24	16	53	12	9	7	0	78	45	31	10	41	18	26	47	18	82	7	8	36	44	55	14	6	78	97	77	37	52	83	95	57	69	53	
89	36	93	58	76	7	27	5	22	27	83	22	50	39	31	15	56	92	37	47	16	23	32	10	76	96	71	49	50	68	10	60	0	49	40	42	25	55	57	27	41	40	81	52	4	16	16	82	95	100	92	86	5	77	27	24	43	45	45	77	85	20	63	37	90	58	63	10	72	49	38	68	47	93	70	30	78	84	70	36	97	11	71	16	50	73	3	59	96	53	46	46	15	27	88	58	11	33	47	91	
79	7	51	60	45	43	50	93	73	91	62	29	89	0	92	7	26	5	54	99	10	25	3	35	34	100	35	92	91	31	29	41	34	35	74	59	32	15	17	20	40	71	38	44	92	47	91	12	72	13	47	48	43	69	73	20	28	28	7	11	38	44	11	74	18	52	39	40	61	86	35	69	67	23	4	88	93	37	68	36	63	14	93	81	37	2	43	78	41	53	82	64	22	26	36	17	80	17	85	69	
30	55	34	99	43	13	55	29	73	6	83	24	34	54	11	56	95	49	2	49	45	54	0	53	47	52	77	9	85	67	51	99	1	36	3	2	21	43	23	6	60	36	11	100	21	80	95	65	46	89	54	100	31	23	82	99	68	99	83	6	65	17	45	46	74	48	82	93	8	61	37	32	19	44	69	35	36	51	46	57	7	44	23	98	2	70	68	58	0	41	24	9	61	73	66	93	82	5	48	20	
63	39	2	30	78	48	24	49	53	39	53	12	25	73	33	9	79	43	40	66	38	24	59	87	56	73	20	70	55	74	37	29	86	14	34	99	16	93	48	97	86	25	43	35	99	69	33	10	50	83	85	56	19	55	26	23	92	70	54	18	38	72	92	90	10	49	21	21	76	80	79	28	34	94	32	45	44	93	57	92	17	11	25	5	42	92	86	45	79	38	13	20	44	80	99	58	99	62	9	100	
43	100	37	56	28	45	56	13	89	65	40	46	56	5	38	32	48	15	63	11	8	20	46	46	8	21	28	11	71	21	40	37	50	97	62	51	77	42	79	50	61	28	47	83	34	97	95	64	19	69	65	61	37	79	93	40	22	1	5	1	1	48	58	40	83	72	53	66	18	81	34	29	15	88	33	16	4	15	83	70	65	75	32	33	8	34	80	98	62	63	9	17	11	25	49	41	97	36	62	29	
1	92	77	22	13	10	59	49	72	63	57	27	24	81	86	27	4	99	42	86	86	85	13	45	5	26	27	96	71	42	39	35	98	66	35	25	22	13	53	84	61	1	62	41	93	54	97	39	71	98	12	59	77	97	24	20	66	4	35	24	94	54	49	38	94	28	15	47	7	44	11	16	78	98	73	73	86	41	5	20	96	84	96	99	95	44	11	24	22	49	34	25	75	84	89	28	33	58	42	45	
90	65	27	35	84	78	28	74	69	2	1	11	63	27	41	15	57	17	27	78	93	20	92	85	41	66	49	0	24	87	87	59	70	35	29	50	53	39	20	73	55	70	24	94	37	52	16	22	11	42	90	12	28	29	3	94	58	91	72	100	57	56	95	30	59	50	20	31	8	12	26	12	21	45	65	41	86	32	23	37	44	76	17	11	97	22	82	84	4	95	86	59	64	61	89	27	74	53	56	98	
76	20	97	28	31	97	90	5	94	21	7	49	52	1	100	68	93	18	90	34	7	68	80	81	99	14	76	75	60	35	55	1	93	86	57	14	25	39	54	55	0	25	25	9	28	76	52	67	11	62	30	4	99	89	98	61	88	76	41	77	49	69	23	6	11	90	33	36	5	66	54	29	75	50	62	20	16	17	1	98	52	89	8	24	57	4	17	25	57	24	92	68	80	16	71	28	0	52	90	99	
47	74	10	56	32	15	14	99	80	93	71	74	90	20	24	2	43	62	89	96	96	33	80	54	79	65	61	85	73	46	60	25	11	10	61	70	40	93	22	48	28	25	38	3	18	83	73	50	55	37	32	53	1	51	20	64	49	42	27	58	68	48	26	23	71	15	72	75	11	47	70	96	72	31	5	73	71	67	45	57	62	85	73	82	51	99	86	81	3	65	95	69	84	26	17	91	64	7	90	6	
57	29	43	78	50	96	69	39	50	17	22	38	30	12	53	10	59	1	5	44	43	13	25	66	75	6	54	80	56	26	79	53	65	53	80	21	73	6	29	51	7	43	77	20	75	27	19	10	40	82	56	23	6	7	71	98	30	100	10	55	10	15	77	29	19	17	83	52	47	76	53	75	50	24	31	94	94	4	99	55	1	69	6	61	51	4	96	62	49	13	38	80	17	23	11	20	60	96	39	88	
9	57	13	14	21	91	11	72	94	14	35	39	84	85	59	74	18	93	25	21	70	2	49	28	50	33	79	54	64	27	11	0	68	30	6	96	71	10	54	28	79	26	84	71	56	26	21	99	81	41	83	6	19	18	84	96	51	69	97	23	21	98	45	75	62	36	80	45	43	45	61	40	1	91	1	8	91	5	29	95	91	76	50	19	35	11	7	65	85	59	68	8	72	40	97	44	82	65	56	11	
45	36	94	80	86	39	66	94	49	44	18	12	37	59	60	52	29	27	94	25	45	63	41	76	3	6	14	44	58	61	6	2	72	62	39	1	2	26	73	87	19	77	47	13	40	97	65	80	71	78	24	81	45	13	66	28	99	3	93	75	73	39	62	54	50	98	60	31	19	62	66	53	91	54	5	57	30	72	65	18	29	16	66	18	39	96	79	75	12	82	29	76	96	11	47	9	71	18	41	82	
31	55	44	63	35	21	28	30	78	70	95	31	36	33	33	95	74	78	46	36	18	2	21	83	76	57	36	77	47	13	79	0	76	82	35	9	13	30	4	89	87	88	15	62	70	94	33	67	65	3	79	55	95	34	41	49	85	62	11	76	89	25	18	90	27	77	45	36	48	22	33	90	8	0	92	0	71	24	35	49	43	28	29	84	78	77	67	55	36	56	35	79	90	34	2	21	0	99	54	38	
93	34	54	91	84	96	61	88	59	90	97	28	3	96	5	7	44	68	45	11	52	40	98	14	61	77	10	44	63	94	98	32	56	38	86	96	96	12	34	49	31	75	75	43	25	10	45	83	3	18	74	68	26	43	98	29	40	10	59	15	26	53	35	77	21	15	4	10	5	100	43	65	57	25	59	93	62	72	14	54	42	76	87	88	68	12	0	56	69	9	97	10	2	96	25	57	65	30	32	15	
65	15	88	18	24	51	81	94	16	56	16	41	89	100	1	78	36	72	92	32	5	44	65	73	87	53	90	54	22	20	75	88	0	30	49	1	60	67	70	85	18	2	95	60	28	24	46	22	72	68	21	52	38	37	51	51	31	85	89	1	63	10	6	16	95	7	36	74	13	14	55	70	93	99	69	97	18	44	81	63	78	43	57	66	88	15	97	84	49	45	65	45	72	99	53	14	90	0	81	32	
91	30	50	97	69	37	35	55	74	26	38	80	8	96	76	48	12	42	31	39	85	31	83	1	22	90	29	20	64	62	11	98	54	38	13	87	79	86	80	50	58	34	46	50	60	36	39	21	98	26	63	75	61	2	13	3	72	19	21	8	57	65	37	95	56	99	85	63	40	63	11	34	88	30	95	19	39	75	7	77	34	100	55	95	97	91	89	1	55	77	12	46	59	23	73	7	8	85	14	38	
23	88	87	39	3	63	60	24	1	91	50	5	55	24	39	67	85	67	28	37	77	86	65	28	36	68	46	93	90	70	35	78	70	42	34	75	100	2	68	7	21	51	97	4	0	85	68	53	74	39	42	81	19	98	32	99	14	78	17	11	77	61	63	6	27	97	2	59	40	70	59	11	4	56	94	73	13	7	37	64	61	97	10	64	50	32	82	95	55	55	8	73	5	97	80	46	93	22	12	16	
1	54	3	31	16	68	62	18	96	94	76	80	32	1	58	82	18	31	73	69	83	28	80	11	55	38	34	38	88	24	25	28	30	0	6	24	95	39	26	66	13	7	18	73	87	52	70	12	76	96	54	28	100	51	29	96	96	47	20	13	73	81	80	84	9	38	59	81	70	64	89	10	35	87	9	3	52	11	51	60	11	91	68	100	48	36	30	91	93	77	84	59	48	15	9	87	94	26	54	86	
26	91	47	88	14	13	94	74	67	25	80	58	40	38	3	44	0	53	16	55	33	36	42	48	100	38	84	64	21	72	82	25	37	81	71	18	41	10	55	83	62	37	31	15	61	22	28	53	17	52	63	32	96	18	86	70	6	40	45	7	18	26	36	1	86	76	91	45	15	33	83	4	60	22	17	88	41	84	21	100	31	56	95	24	33	78	67	2	67	44	54	38	6	23	6	33	60	93	58	71	
100	23	10	31	4	95	65	49	81	13	79	58	24	74	29	100	16	79	17	77	63	18	57	36	43	69	58	86	80	62	13	39	29	79	60	15	27	77	84	24	12	81	32	84	10	32	70	86	68	43	37	92	84	66	5	24	4	18	62	58	66	98	16	10	78	43	30	65	69	93	49	21	67	90	0	13	45	74	26	49	87	48	48	90	8	5	94	58	19	89	52	21	10	82	66	48	4	30	74	15	
74	78	62	27	47	95	34	67	17	12	71	60	36	42	13	94	51	33	74	41	94	80	77	4	32	56	32	64	24	57	19	97	49	13	29	94	61	88	31	9	41	87	38	48	100	9	2	8	23	77	9	11	35	42	40	68	86	57	77	29	12	50	32	53	19	91	62	85	14	50	99	33	16	30	26	68	13	88	61	38	35	45	62	99	18	11	12	77	83	94	47	34	2	43	28	97	19	20	23	99	
62	28	8	57	3	73	65	15	100	86	93	45	93	25	87	57	67	33	41	27	25	98	77	67	52	99	9	30	14	20	73	47	8	55	93	86	16	82	46	79	13	67	83	14	93	55	25	33	2	32	90	47	44	34	61	68	3	15	0	43	24	18	5	18	98	73	88	87	73	68	2	56	25	0	63	45	22	8	7	99	95	33	26	3	3	64	15	77	21	12	54	33	97	45	92	36	51	88	85	50	
93	80	63	8	56	30	85	67	90	33	72	47	11	15	91	40	45	58	7	3	79	64	59	9	49	92	74	8	35	36	33	29	79	94	60	59	83	64	8	53	8	55	96	53	2	34	89	87	87	96	98	52	38	1	7	17	67	84	91	47	68	37	61	46	98	77	67	64	48	31	0	91	5	99	89	2	54	86	16	28	23	49	49	74	26	80	35	38	94	65	70	30	54	44	82	77	39	6	5	90	
52	64	86	37	68	60	0	2	30	45	96	4	61	26	58	82	35	59	3	84	21	4	15	31	14	30	51	82	91	86	46	3	21	3	53	22	62	95	40	37	53	78	52	66	96	63	27	75	68	60	90	71	6	16	5	8	74	69	44	62	57	14	38	88	52	38	42	97	7	49	77	90	30	95	1	20	84	90	14	85	70	55	43	85	9	17	80	45	58	81	86	29	31	95	24	91	71	64	91	66	
34	22	74	82	55	58	56	98	39	52	18	22	44	67	35	40	89	81	92	59	58	99	3	50	8	57	82	52	63	79	11	48	52	78	22	63	79	70	85	40	82	88	2	86	99	78	5	4	80	45	22	47	72	92	7	72	16	65	17	22	26	75	25	98	32	96	85	93	73	93	100	57	36	64	6	99	15	88	98	15	68	16	32	8	2	67	79	20	7	33	50	26	44	92	39	82	78	58	71	57	
84	28	99	82	76	57	53	69	82	78	8	32	2	21	18	23	38	29	86	3	45	38	11	69	85	26	28	36	61	10	52	13	31	63	2	89	50	40	26	31	53	12	72	5	72	67	47	65	57	19	5	2	96	60	90	82	45	62	76	59	97	44	49	53	96	49	22	14	33	100	83	50	71	17	83	77	56	25	33	83	69	60	53	23	45	52	3	9	53	48	92	9	17	40	92	42	35	15	64	41	
39	0	40	88	86	100	56	65	82	83	5	93	26	31	5	71	6	79	68	87	35	40	75	32	26	76	5	83	3	71	21	32	1	23	88	40	87	73	14	48	2	18	94	51	70	88	15	51	5	5	81	91	22	91	53	96	76	3	31	69	61	86	8	14	34	35	10	94	21	16	7	6	25	100	34	42	72	80	3	25	25	8	92	56	14	87	69	54	86	91	69	25	59	39	0	27	14	56	61	28	
73	69	71	29	16	82	24	71	69	10	37	65	41	12	18	63	99	78	75	83	48	14	69	32	100	42	66	42	49	85	9	47	1	87	81	72	51	78	62	75	20	8	33	83	19	44	6	38	73	79	100	4	97	6	67	38	45	79	57	58	30	4	47	42	4	62	60	29	56	64	14	44	24	41	89	90	45	86	78	37	10	62	45	32	22	6	35	82	80	13	96	55	81	7	60	40	61	39	10	27	
12	70	71	17	13	49	19	70	36	88	6	41	88	49	39	37	68	61	6	36	22	57	78	22	55	38	41	87	43	46	26	20	40	67	50	40	94	19	1	0	49	80	28	56	25	83	26	46	81	51	19	73	81	25	50	58	24	56	34	31	66	10	6	55	39	96	54	16	49	83	37	83	78	10	48	80	26	48	60	58	57	48	91	95	95	70	64	72	87	56	26	19	36	69	81	40	83	64	95	15	
70	40	36	77	0	68	83	66	11	58	65	77	54	95	71	59	30	10	55	18	4	56	1	40	27	37	81	90	51	61	40	16	82	25	73	90	87	71	85	81	12	51	47	86	59	25	6	14	59	73	15	73	39	68	91	60	8	16	26	22	25	31	17	22	47	24	98	95	52	26	79	16	70	55	67	56	93	78	51	41	30	85	10	100	18	81	78	50	80	99	89	34	16	58	54	20	18	8	63	8	
52	89	92	68	81	28	73	60	34	45	54	28	89	87	46	64	76	58	24	92	45	31	73	44	64	15	4	88	82	24	41	76	54	10	24	24	86	11	20	34	52	61	35	76	67	56	60	28	29	9	69	34	91	12	5	58	45	23	58	23	13	54	1	84	96	51	1	47	22	43	65	30	79	6	16	23	87	27	35	45	2	49	91	63	63	63	52	28	92	75	34	99	83	49	1	77	25	64	25	74	
8	55	3	43	45	91	95	16	53	40	10	33	72	23	94	42	9	52	12	41	13	13	71	26	82	88	77	8	55	79	13	74	50	64	44	80	55	65	94	53	20	35	44	78	25	31	69	60	69	66	14	75	17	62	78	54	33	34	86	50	47	93	13	19	69	62	90	20	10	7	42	52	11	71	51	94	2	40	17	27	79	89	37	24	71	8	67	27	55	66	52	35	69	75	91	93	32	0	59	63	
47	79	46	10	58	17	65	47	12	71	89	84	77	28	62	19	27	33	34	20	94	99	35	79	25	86	58	97	45	60	99	58	68	38	75	7	60	86	70	86	10	49	43	45	87	96	71	46	2	53	75	55	7	46	29	42	6	42	8	94	27	41	43	25	79	11	64	63	80	7	40	31	41	39	16	58	75	90	90	84	3	67	20	45	56	78	9	30	54	35	92	98	55	44	15	44	87	74	58	92	
51	18	43	60	45	46	46	100	50	7	40	100	100	32	89	96	82	14	88	85	89	44	89	37	36	14	43	86	55	76	85	74	90	100	72	42	47	89	52	29	44	88	38	23	57	16	6	85	24	68	14	95	75	74	93	22	30	39	37	23	59	76	90	20	40	37	76	38	59	100	92	27	42	29	94	3	74	37	27	33	81	30	62	71	73	100	91	13	89	0	62	71	90	45	77	87	71	50	67	13	
36	85	80	92	20	25	86	39	68	87	10	48	100	69	60	94	38	64	96	23	6	75	94	64	93	6	22	100	77	20	36	56	99	96	28	28	59	80	4	96	63	23	8	7	41	0	96	97	55	18	40	93	10	11	31	36	56	34	78	97	14	47	70	22	94	81	69	71	66	75	31	24	32	44	88	4	65	44	64	50	73	73	11	58	35	13	7	34	96	66	2	76	38	48	52	46	64	15	33	22	
3	70	98	89	89	4	92	15	75	7	20	23	27	2	91	44	4	56	69	92	24	86	100	7	42	7	82	64	65	15	11	90	6	91	19	97	24	68	58	94	19	59	59	92	29	59	66	11	34	77	67	90	61	85	75	98	29	58	97	50	32	30	38	37	27	76	58	1	63	59	9	98	5	61	93	70	47	72	5	20	2	73	42	48	29	15	65	91	75	44	11	4	38	50	29	15	27	25	9	39	
15	54	27	37	27	65	85	56	28	64	77	1	92	27	58	14	40	90	87	35	89	71	42	60	2	58	68	5	52	7	7	92	57	86	95	7	57	86	96	56	54	74	77	91	7	87	52	69	93	4	21	88	27	40	52	98	11	27	78	60	97	35	19	99	76	2	59	95	80	8	61	86	51	49	32	45	37	43	10	3	20	56	11	74	29	90	88	47	56	23	100	23	63	98	97	4	82	30	61	72	
32	36	43	49	70	15	33	58	65	75	68	7	14	61	100	46	12	84	38	22	61	73	73	89	38	67	60	69	29	65	31	19	65	66	22	80	86	8	17	81	64	1	47	91	85	18	59	2	29	95	8	98	2	99	51	99	24	0	45	10	99	85	53	87	44	64	79	60	85	35	71	52	90	36	94	67	8	19	100	96	71	69	9	94	97	32	37	31	75	0	33	22	47	29	75	11	56	51	54	43	
86	10	34	78	89	64	58	73	18	58	31	40	94	78	82	98	37	40	77	57	66	69	57	80	93	35	51	4	44	39	43	62	78	94	69	71	60	2	83	41	15	69	6	22	50	34	18	10	92	55	41	9	97	72	50	18	22	94	73	3	15	66	39	39	88	3	36	36	68	38	51	66	26	82	76	14	27	17	60	73	19	22	34	83	95	42	86	29	63	100	35	52	100	50	24	47	15	47	5	22	
4	52	42	23	81	41	29	57	34	8	14	68	85	14	21	29	64	5	95	77	19	52	47	90	21	92	15	82	60	24	76	68	68	5	95	48	57	100	39	60	46	20	89	33	64	34	6	25	85	100	12	95	51	14	63	6	39	40	98	43	89	59	96	19	75	1	21	43	25	48	66	84	43	40	77	86	39	47	83	73	68	41	42	28	21	34	63	23	21	96	26	57	4	9	51	9	20	25	60	83	
81	89	35	62	40	12	76	100	88	69	81	73	54	90	64	35	100	9	10	32	6	87	60	82	87	66	44	15	34	55	91	1	26	32	14	81	54	46	92	63	20	54	27	87	19	45	4	11	46	30	82	87	19	11	50	2	27	29	57	81	54	9	50	41	39	48	37	80	67	49	7	9	28	58	19	82	45	96	60	62	15	76	36	79	63	20	9	49	89	62	34	7	89	44	1	4	14	75	78	90	
37	18	20	100	99	98	66	50	3	57	6	70	22	72	75	7	20	91	19	31	43	56	8	36	35	26	46	79	57	3	19	98	62	56	28	20	94	77	0	83	13	3	27	79	90	77	75	25	65	71	36	78	78	43	54	38	78	66	80	89	85	2	46	99	36	48	43	0	80	9	98	81	9	55	98	25	9	59	65	73	14	97	50	93	68	67	35	58	95	10	37	91	11	16	85	41	3	27	4	51	
80	15	64	10	29	35	33	77	37	29	52	72	23	6	96	86	28	77	23	21	53	28	58	33	91	61	30	19	10	59	83	31	39	20	63	92	83	26	58	12	41	49	16	11	46	31	39	29	8	27	4	26	25	10	14	9	93	34	54	55	90	35	66	92	72	80	68	44	80	23	43	41	23	12	50	65	18	6	25	30	42	59	92	2	47	44	85	14	47	18	9	75	24	63	40	75	13	0	25	77	
32	38	30	6	81	86	87	93	58	50	78	44	75	95	67	7	80	43	91	68	59	51	64	60	41	43	56	46	2	20	15	29	46	37	43	32	39	6	51	9	11	29	42	77	5	86	71	10	68	71	72	15	32	11	42	45	8	15	3	20	56	70	42	0	43	39	77	73	21	93	70	8	31	12	13	94	28	15	16	31	90	82	82	56	87	13	80	96	76	3	61	6	61	57	5	75	78	42	21	71	
37	45	33	76	26	49	58	60	1	69	36	30	96	72	52	83	16	25	13	35	58	59	84	41	12	51	99	17	1	60	94	91	80	75	91	80	79	18	29	65	82	90	9	11	3	0	75	27	51	70	63	83	84	1	83	79	20	96	12	15	43	3	76	19	56	46	57	37	76	12	87	25	61	26	37	44	55	47	82	4	74	99	87	16	76	53	38	58	37	19	49	64	48	95	62	44	8	86	99	39	
10	2	85	17	54	43	7	52	20	72	80	75	2	13	62	10	22	14	45	60	65	7	82	83	98	71	40	40	88	98	72	32	6	0	99	84	92	15	17	6	95	15	100	63	95	50	78	40	51	12	43	12	7	94	74	90	57	48	80	65	39	22	22	38	77	1	31	6	63	30	0	73	41	68	31	56	10	46	85	51	68	98	77	10	29	59	70	8	84	60	74	82	85	7	28	34	58	67	84	19	
71	83	16	33	60	62	93	17	8	24	61	68	62	70	76	80	82	81	34	4	15	85	2	47	49	31	76	61	86	95	92	22	10	97	11	34	29	81	55	67	23	30	70	89	84	36	90	3	37	89	15	4	74	97	61	74	12	31	80	85	76	16	57	40	91	89	62	13	76	82	43	44	56	54	86	18	98	79	67	86	79	57	18	87	45	26	46	10	52	67	84	100	94	1	79	48	13	12	34	32	
4	81	3	49	16	65	97	28	39	6	55	71	32	96	62	35	96	27	65	5	62	40	21	74	75	92	92	20	90	3	13	34	20	46	90	42	16	97	28	43	95	13	48	41	51	70	77	39	55	86	28	70	20	64	47	2	39	57	46	61	52	32	66	54	9	80	83	71	83	86	67	73	79	77	16	0	98	84	59	16	28	93	19	64	73	10	17	76	31	57	12	38	19	47	95	51	5	69	26	67	
43	80	11	40	39	81	12	7	17	22	47	50	61	65	35	33	41	77	71	95	36	46	61	4	45	28	24	0	88	9	2	17	38	83	24	84	98	64	57	53	100	22	58	65	43	26	95	24	19	79	21	64	56	33	76	15	80	64	54	98	41	37	80	47	3	11	84	80	34	32	28	48	59	70	96	100	72	66	19	63	57	42	26	47	17	60	24	35	80	36	15	98	39	80	94	81	50	95	75	66	
71	50	97	66	65	56	33	49	53	44	96	8	56	37	70	58	82	99	60	24	76	82	65	37	15	86	9	81	50	17	58	98	19	97	5	97	91	96	37	75	16	9	33	34	65	98	33	1	56	95	90	19	91	65	88	28	53	24	83	4	23	55	16	70	31	94	23	58	26	42	54	19	37	7	93	10	94	33	11	89	86	58	27	60	72	64	1	84	24	4	11	84	77	60	97	23	41	27	12	56	
89	78	64	34	99	1	54	1	5	33	13	55	85	54	50	24	22	36	64	1	60	86	25	43	76	94	86	27	72	7	93	39	67	32	100	89	81	34	21	84	51	6	7	12	88	77	40	47	8	82	83	13	76	83	8	44	45	38	52	83	26	42	74	22	50	67	72	56	25	58	38	71	92	25	57	3	81	29	100	74	11	89	83	100	4	94	10	21	69	85	53	9	98	63	38	35	54	79	64	4	
97	62	1	85	75	12	55	26	79	63	11	92	73	83	92	12	45	60	16	46	20	47	34	92	80	42	38	26	42	55	46	49	45	9	23	50	30	16	76	49	5	86	73	48	24	83	18	33	16	3	51	82	79	26	65	6	15	86	100	93	35	90	76	10	41	39	33	83	21	17	91	93	78	93	9	23	74	70	17	34	4	9	84	67	11	46	61	50	52	93	24	26	11	79	54	44	96	88	77	99	
65	12	43	65	53	47	77	40	58	98	61	21	86	14	5	86	89	97	35	22	74	30	16	59	36	70	56	42	87	77	55	19	36	42	31	71	25	0	23	12	30	83	96	87	52	33	5	89	84	31	0	14	50	76	36	27	55	14	52	90	7	41	67	57	32	75	46	70	14	16	94	65	35	56	29	92	51	9	65	11	50	85	55	69	54	6	77	41	8	61	27	76	38	88	55	85	53	87	40	84	
31	56	43	20	74	18	46	73	39	60	89	22	34	65	20	93	65	96	16	92	21	45	13	83	41	10	18	3	27	26	57	89	13	49	96	18	57	45	16	40	92	73	24	46	17	12	10	25	88	61	0	51	26	37	13	68	50	100	80	4	82	64	55	25	65	56	88	5	28	56	1	100	96	53	30	90	98	80	27	51	61	12	13	8	68	24	16	96	89	9	20	64	83	44	5	66	92	17	28	40	
4	33	87	32	52	34	75	98	85	64	79	72	9	15	96	98	72	26	74	56	11	98	91	41	21	50	9	100	77	43	11	37	40	0	20	18	45	97	5	80	33	49	9	97	99	48	24	61	44	75	28	92	54	32	82	75	39	46	42	11	3	60	66	55	11	62	86	33	49	24	40	41	32	27	27	66	92	7	68	37	30	69	76	100	81	2	76	4	93	68	8	84	30	6	10	100	52	12	38	31	
35	38	79	62	4	77	18	51	64	38	30	65	37	74	54	66	97	53	56	21	93	10	17	97	59	2	1	79	42	44	33	70	23	62	60	21	54	22	57	44	86	36	19	49	80	60	60	31	82	62	89	17	1	20	39	67	84	85	92	42	1	28	86	23	95	60	93	93	97	3	12	16	44	51	8	50	77	71	47	13	30	92	17	13	81	84	78	63	36	87	18	31	8	60	5	0	21	7	15	5	
47	8	2	63	15	83	16	86	81	12	44	0	65	86	90	84	77	51	97	83	20	31	41	13	64	97	6	51	33	32	88	100	49	46	29	73	68	49	65	48	2	5	16	85	58	32	58	43	54	60	55	0	47	80	44	23	34	69	58	52	40	77	37	4	82	56	82	33	77	66	65	37	45	61	54	39	12	48	72	80	76	71	36	41	1	23	54	61	65	28	24	59	68	50	67	95	61	11	71	34	
