50	57	48	65	31	52	100	82	9	77	14	54	96	7	25	61	50	46	21	58	52	7	99	78	99	94	72	96	97	8	58	95	89	0	12	11	22	69	8	96	85	75	72	40	31	5	87	76	74	4	40	69	88	51	30	19	100	86	51	1	11	72	7	82	57	60	11	9	1	22	88	19	77	6	19	94	46	14	62	55	65	96	36	33	41	69	100	82	94	94	8	71	39	74	91	25	5	63	28	17	
49	54	25	48	52	76	68	1	12	2	1	68	100	36	14	43	51	37	52	72	56	47	56	7	71	25	4	54	47	13	87	8	79	62	67	83	22	13	88	72	79	97	18	0	33	66	62	50	50	38	1	50	83	57	25	42	24	2	88	11	30	85	91	84	32	24	87	99	35	43	99	29	46	30	71	3	39	46	11	98	87	44	15	23	60	40	72	90	58	28	92	50	99	57	61	87	19	99	2	92	
15	77	99	87	59	61	89	76	40	73	18	24	8	17	46	90	62	86	30	92	65	30	84	19	89	50	53	93	99	30	56	57	10	24	17	64	63	41	31	42	5	17	41	39	34	78	17	75	44	78	64	74	99	98	15	77	31	64	4	95	10	5	4	85	58	35	1	18	43	6	63	14	55	79	51	95	100	17	31	66	78	27	91	53	46	97	84	86	7	10	33	74	60	50	15	67	90	92	50	96	
33	87	66	12	88	59	49	69	71	84	46	63	31	63	88	18	26	55	75	83	98	5	25	41	2	20	12	47	88	45	97	42	63	42	87	95	35	21	85	59	19	36	90	37	6	34	75	62	89	69	75	10	31	67	14	77	82	82	4	2	35	23	78	88	86	70	40	71	36	95	64	15	21	69	56	3	1	25	82	50	67	70	23	3	40	85	89	34	33	92	99	22	89	44	49	55	13	29	81	63	
45	65	10	25	61	54	72	27	71	21	42	61	81	26	24	20	14	55	65	53	65	95	80	52	79	97	34	98	94	57	90	88	24	42	16	14	88	3	49	32	37	14	43	1	18	76	45	18	94	21	50	78	91	79	17	19	30	37	1	81	95	95	63	87	16	36	85	76	94	0	30	1	1	54	28	67	24	31	4	0	69	10	54	45	74	98	53	87	55	100	33	41	60	56	44	98	44	82	2	53	
32	99	23	93	92	43	32	81	65	55	91	84	78	11	94	14	40	54	20	68	66	33	74	21	85	13	97	66	15	85	9	99	90	3	22	65	24	65	14	30	60	12	24	66	77	91	70	10	68	76	22	20	84	9	54	35	27	12	18	79	92	79	66	88	10	34	45	85	1	88	98	1	84	53	64	77	2	82	32	12	92	66	24	58	23	50	22	34	84	24	62	67	9	47	18	19	31	49	32	33	
27	53	1	20	43	25	21	27	60	97	54	81	65	74	48	86	92	12	41	46	0	90	47	56	41	11	72	64	9	41	67	92	97	35	76	54	1	46	74	21	88	44	68	92	41	92	64	32	48	7	78	74	95	14	21	23	82	41	46	15	77	33	17	100	13	11	80	17	77	37	32	69	98	43	84	9	24	96	5	41	100	63	82	88	73	33	43	11	49	26	27	12	35	56	73	88	93	30	2	17	
78	100	89	61	56	87	25	42	81	79	87	78	95	70	49	8	65	27	66	72	23	65	96	59	86	91	95	42	22	86	23	45	78	47	78	21	16	58	58	21	30	52	34	14	77	93	92	1	77	76	72	31	92	87	29	8	36	18	35	77	98	9	9	53	1	60	23	32	82	24	6	80	38	87	41	3	29	82	84	7	64	69	91	83	69	7	96	8	92	57	80	96	98	95	35	37	4	50	12	100	
36	23	75	93	7	57	35	80	28	42	33	13	28	94	89	90	88	75	52	58	52	89	42	27	36	88	96	11	20	18	26	68	38	15	59	86	48	74	1	16	18	58	25	6	17	28	48	78	4	92	46	14	40	79	79	6	44	46	18	87	79	67	37	86	69	30	57	59	8	6	47	49	8	38	5	57	70	37	96	1	33	84	62	15	11	21	90	43	59	27	80	90	5	45	47	47	11	81	34	11	
27	18	62	8	36	13	48	4	50	19	43	9	93	16	60	64	88	99	2	75	77	31	41	79	0	0	31	21	77	4	53	90	23	74	60	74	37	83	71	77	33	83	19	97	72	30	14	72	83	61	54	14	75	36	11	26	79	97	30	0	11	57	6	35	76	4	43	97	67	13	64	11	22	22	81	100	68	54	2	80	45	87	17	13	38	4	37	34	48	22	15	9	51	30	100	5	73	4	13	90	
22	48	32	27	94	99	94	26	10	47	98	79	60	87	26	62	39	55	45	64	37	42	89	68	60	16	2	77	51	69	94	36	79	93	20	22	54	30	97	10	35	16	52	76	37	37	66	58	94	25	19	84	34	6	74	29	33	15	32	49	3	96	14	20	26	76	3	86	90	64	68	56	60	46	64	8	2	7	59	62	82	16	18	76	34	52	25	61	1	74	50	59	34	2	87	62	34	76	46	62	
25	73	74	29	56	13	44	5	57	2	89	97	24	50	53	97	81	72	53	69	61	31	59	79	4	31	84	13	42	88	94	14	39	59	8	31	12	86	37	78	65	93	35	91	47	84	62	56	3	97	5	6	50	20	13	2	7	28	44	84	70	83	67	41	52	64	52	80	63	7	67	98	41	13	66	100	5	36	95	37	98	52	82	20	98	18	96	60	48	1	74	68	26	89	100	82	67	15	28	38	
63	52	14	90	4	40	18	34	10	88	91	6	40	54	6	61	98	97	50	3	52	79	82	49	37	3	25	25	49	42	65	80	23	63	50	79	74	91	38	42	3	7	33	58	32	97	42	58	34	44	0	31	10	24	82	32	28	39	1	25	82	62	24	87	44	61	37	65	34	81	8	88	40	21	93	41	98	58	43	33	50	64	83	84	18	23	38	56	40	38	63	34	90	10	87	55	90	33	65	74	
32	82	29	81	34	42	4	31	87	4	100	69	3	99	87	33	47	47	58	33	17	45	40	5	14	89	67	49	51	36	37	9	53	85	25	19	4	7	21	42	22	9	56	97	51	47	24	52	96	19	25	57	25	85	21	75	45	69	70	100	27	60	87	52	2	42	63	94	45	93	90	5	17	60	23	10	59	100	4	57	83	27	47	45	39	97	58	0	11	80	2	8	97	58	84	43	66	58	56	19	
35	23	67	43	0	74	44	18	3	77	71	85	93	22	35	38	47	35	99	20	15	34	62	48	75	6	89	59	7	68	94	26	8	64	32	85	60	11	62	43	73	87	71	31	32	95	83	88	76	88	31	17	29	58	87	41	66	63	49	52	56	4	14	76	75	92	34	1	29	25	76	48	90	38	79	47	84	83	72	71	46	91	2	5	11	42	77	84	29	91	30	77	12	41	53	66	0	54	17	93	
0	37	71	28	78	62	43	54	62	60	18	89	21	88	14	50	96	46	83	37	95	83	52	75	76	33	94	9	6	26	91	81	79	61	62	37	49	41	27	39	39	27	73	43	52	13	35	6	29	64	93	34	79	48	27	46	30	71	8	26	5	57	27	63	27	92	62	71	60	18	82	68	69	76	90	66	16	100	31	16	97	13	58	37	90	63	54	70	43	15	75	79	16	22	31	80	6	96	98	48	
85	3	21	13	16	22	23	95	46	91	36	3	55	35	36	84	96	18	33	76	6	74	19	84	44	18	100	96	75	36	47	0	67	66	50	66	61	5	26	67	10	34	23	52	75	75	99	29	35	45	15	23	18	36	39	67	74	19	50	7	14	18	68	18	9	39	75	42	80	92	100	78	56	55	28	20	71	100	37	2	94	17	21	71	47	91	21	14	94	26	19	60	13	60	37	9	25	57	1	55	
66	2	90	44	29	72	34	52	96	41	9	6	28	44	30	88	93	82	46	73	21	1	23	45	38	100	77	83	58	45	87	12	69	98	25	48	3	87	33	84	92	43	63	19	69	9	36	99	46	95	47	22	61	22	13	47	73	69	52	61	53	82	57	36	91	43	63	50	49	23	39	89	73	58	77	72	21	64	5	22	38	76	7	0	27	72	76	62	46	44	39	22	91	91	84	63	58	21	59	31	
2	99	18	47	18	13	76	22	20	54	38	55	11	28	94	91	1	4	9	36	39	93	57	42	29	55	27	58	48	37	78	29	87	86	73	66	95	24	22	89	55	88	91	76	57	59	11	73	4	10	35	44	42	100	80	93	0	70	59	42	37	88	74	7	25	24	4	43	94	92	96	29	63	34	97	43	38	92	46	9	85	54	1	98	92	6	92	27	24	61	94	75	58	20	99	58	23	33	37	100	
45	64	98	15	83	25	19	51	52	47	22	96	88	7	36	20	66	13	54	43	42	72	61	81	24	100	20	85	27	84	95	27	55	41	23	86	7	32	38	78	19	81	9	8	100	86	74	85	99	84	57	51	99	58	80	8	41	67	9	19	5	34	45	6	49	50	62	64	66	16	61	9	13	58	67	50	24	85	88	23	1	19	31	94	33	86	1	91	39	64	12	57	0	62	68	30	35	47	31	72	
15	13	94	55	50	74	36	68	21	66	1	3	44	14	43	95	87	17	6	71	56	72	95	90	63	87	85	37	57	32	52	91	32	94	62	21	30	9	37	58	66	47	65	27	82	50	72	6	1	56	65	94	45	95	81	73	41	36	72	40	7	16	100	77	11	10	39	45	32	19	60	55	90	53	30	55	50	44	56	28	41	34	99	24	78	83	27	19	10	18	97	100	32	94	51	82	11	38	8	3	
29	39	33	42	53	58	0	61	51	47	96	21	71	82	8	100	58	85	55	39	18	25	96	85	40	51	84	46	10	65	5	79	64	48	71	67	31	47	17	84	99	56	21	42	70	51	51	64	49	66	85	11	40	75	31	98	75	3	26	81	64	38	3	70	10	84	34	33	94	62	57	53	100	57	25	86	68	34	9	23	60	95	4	66	28	89	97	80	91	80	83	50	87	1	53	62	68	76	17	19	
50	3	19	5	29	9	55	62	21	90	84	44	75	32	7	23	12	61	36	15	66	12	34	24	81	19	33	97	59	12	58	60	78	79	62	86	53	5	60	11	67	45	8	100	12	100	83	31	50	1	1	62	64	30	56	12	74	35	89	53	83	25	46	93	38	59	32	97	48	19	3	62	71	18	95	25	99	94	50	31	47	9	65	94	100	51	7	8	13	75	24	84	43	38	16	13	60	5	89	32	
94	64	50	90	14	35	62	38	89	92	72	66	63	46	33	86	18	45	24	15	90	79	65	81	93	76	30	31	86	61	75	83	43	92	22	47	84	99	50	37	50	29	67	43	69	77	27	40	69	9	50	70	41	18	92	56	1	33	92	99	38	28	6	39	27	18	14	54	33	80	87	20	68	38	95	68	98	83	78	37	92	57	39	34	12	34	17	83	1	6	86	25	35	33	23	11	67	39	72	47	
6	22	83	23	31	26	43	15	39	65	20	71	76	39	98	46	49	79	25	61	67	59	72	59	13	41	26	37	0	34	60	91	11	76	43	89	13	4	33	46	25	18	79	51	13	91	54	29	42	24	1	85	35	76	47	75	23	76	81	37	46	41	12	58	30	20	98	32	14	3	69	100	88	82	92	27	48	79	15	87	72	6	98	79	16	94	11	52	40	59	34	59	80	8	98	88	65	6	1	73	
13	61	34	8	50	32	85	72	96	82	7	4	65	83	34	74	67	40	77	80	87	31	88	74	42	63	15	59	24	81	48	2	22	77	12	12	61	94	2	82	24	45	57	34	71	85	69	24	37	78	6	80	59	41	30	12	34	11	84	14	13	28	39	24	69	15	15	17	49	41	20	84	83	69	98	14	46	90	51	65	63	48	89	89	31	3	22	12	73	30	1	74	85	15	20	60	100	21	51	21	
23	67	64	62	12	77	26	59	72	31	55	32	61	64	90	98	44	29	78	23	41	92	17	55	16	56	39	25	54	64	80	52	70	19	93	92	6	22	58	90	38	82	22	42	12	15	22	58	84	72	68	61	1	36	42	19	3	90	55	98	32	69	78	97	77	67	81	2	92	38	71	54	72	2	34	32	40	7	94	25	12	61	73	56	76	16	16	27	42	64	79	81	58	67	77	22	34	39	41	13	
83	30	97	65	44	46	69	84	40	85	93	57	28	81	50	44	82	4	73	51	6	23	96	89	43	65	82	67	7	64	51	78	60	53	62	31	89	78	63	82	4	69	99	60	25	45	13	79	45	64	11	88	42	37	84	97	32	28	19	9	42	26	48	11	32	93	69	18	9	65	43	97	18	31	47	67	12	75	11	31	99	51	86	72	88	7	25	0	71	41	19	74	51	28	69	70	82	45	66	23	
4	43	96	12	11	22	54	58	98	1	51	59	29	74	38	91	95	39	66	19	93	7	64	72	21	51	75	62	44	11	13	18	7	56	84	40	15	1	39	18	74	67	1	57	90	58	55	21	15	90	97	76	79	56	96	34	54	53	9	62	53	12	80	12	32	58	60	95	61	42	89	40	35	19	61	79	62	93	83	74	22	62	67	44	42	23	19	67	57	6	25	85	36	22	19	40	49	59	85	33	
62	72	25	3	28	36	64	27	45	14	55	49	50	3	49	23	53	86	0	37	7	12	2	39	32	48	24	57	33	16	100	2	15	3	65	47	98	78	4	88	24	41	34	98	25	8	26	93	12	12	45	66	7	91	66	83	66	94	93	5	89	3	88	8	19	76	46	79	73	19	47	37	54	12	45	16	65	11	37	92	37	11	86	65	55	56	25	50	35	44	14	19	6	32	83	89	39	28	37	38	
91	10	54	4	38	82	62	61	60	61	32	23	36	56	32	75	83	0	75	29	66	75	51	43	21	55	100	7	17	87	32	85	94	63	26	33	23	3	96	75	36	0	43	57	55	36	14	65	84	14	1	48	45	29	90	83	95	50	95	19	49	12	38	95	1	29	60	76	32	76	77	96	30	24	66	14	81	100	40	95	50	95	100	83	24	9	1	72	40	89	26	48	27	77	0	15	57	24	85	56	
94	35	72	81	19	66	16	90	89	47	36	43	22	34	9	64	5	72	27	78	43	11	39	88	10	44	89	71	4	41	74	36	54	21	11	34	36	74	56	84	95	62	63	53	81	61	5	17	64	76	60	71	96	34	67	82	80	83	27	82	80	100	34	57	15	75	74	76	77	70	71	25	31	69	1	68	32	58	34	90	10	50	99	21	76	36	29	33	54	29	0	32	73	90	98	55	52	3	78	31	
52	82	43	52	94	28	71	96	5	94	85	20	88	82	14	99	92	25	13	90	97	22	33	10	32	31	60	64	39	67	84	23	17	70	20	99	34	91	51	95	77	25	34	24	69	69	31	40	18	30	61	81	40	36	36	53	51	91	95	54	91	71	11	94	98	52	99	36	83	93	98	49	95	88	82	84	23	29	3	76	92	3	67	56	40	92	82	82	8	3	58	44	99	21	12	22	77	11	72	77	
79	71	42	20	68	50	94	80	57	23	26	15	86	4	5	77	34	6	22	50	6	61	44	97	0	11	79	67	7	45	57	58	59	31	88	15	19	98	22	68	46	23	0	21	55	24	44	15	36	96	99	86	7	100	92	16	58	100	3	84	17	52	38	16	38	45	18	52	4	39	71	90	23	7	56	57	97	77	67	32	94	34	55	64	73	62	28	94	86	16	28	31	90	3	21	75	12	69	16	28	
46	48	7	19	90	48	35	87	94	27	40	78	24	85	27	53	92	28	14	63	70	82	49	1	15	23	65	68	30	52	10	90	23	80	52	83	22	87	85	22	18	84	82	47	60	9	13	42	45	25	50	93	84	66	22	32	2	51	38	29	86	46	81	5	86	58	13	29	25	23	46	64	22	72	56	71	76	81	43	64	29	9	43	56	2	25	21	63	94	30	90	28	32	64	60	96	48	77	94	26	
64	36	61	76	85	20	25	3	10	98	7	93	53	76	25	67	37	73	3	14	32	100	85	66	100	44	83	89	23	61	69	9	100	92	48	84	93	87	65	62	73	25	74	13	34	97	47	44	10	70	74	35	42	53	36	80	85	54	59	8	65	6	88	10	4	62	30	92	65	65	48	95	24	0	55	60	33	68	53	74	89	42	5	94	4	39	2	67	21	32	32	2	51	69	24	67	99	8	78	70	
14	100	48	14	72	90	45	95	3	100	33	8	58	43	57	76	45	47	4	17	45	15	83	36	62	95	88	75	87	5	7	80	86	10	0	60	16	24	36	38	90	65	90	70	69	61	21	9	19	27	94	97	23	96	27	6	79	61	3	11	83	100	77	12	100	25	42	61	54	58	23	77	50	77	92	42	82	58	32	86	99	21	91	12	94	32	55	11	45	100	83	53	64	7	79	69	64	72	30	60	
45	14	63	62	49	73	21	80	69	53	88	80	85	21	40	63	59	49	27	86	2	72	13	69	67	28	11	73	27	0	23	51	87	5	78	75	69	96	34	27	29	51	68	64	34	53	50	30	34	92	15	70	75	20	92	9	97	76	97	26	27	62	52	73	70	33	38	49	51	86	33	25	30	11	91	8	54	10	69	37	30	81	69	55	84	2	54	68	92	51	82	54	43	27	17	6	47	30	44	24	
95	39	15	52	26	17	74	73	46	40	75	34	29	47	8	87	73	49	50	82	80	36	64	69	95	35	22	18	43	39	87	33	86	5	10	13	82	54	31	17	60	91	36	70	65	47	35	18	11	29	92	45	20	79	76	5	27	36	100	67	34	41	35	32	78	97	0	17	82	52	63	22	45	54	14	24	16	46	41	14	8	82	73	15	77	20	47	8	25	11	69	13	83	3	44	53	89	54	10	87	
76	8	1	96	25	35	7	72	89	51	48	89	30	69	18	46	67	71	45	32	21	85	20	93	80	11	96	69	98	57	80	73	95	23	69	10	62	28	77	76	55	85	39	3	68	14	70	21	95	12	29	12	89	8	3	64	23	22	57	66	65	59	89	34	21	13	48	75	0	6	97	75	3	78	6	83	93	20	19	94	44	54	9	35	98	50	44	57	82	49	68	71	44	3	50	82	29	76	86	82	
55	46	92	31	28	15	23	17	26	86	85	64	32	13	72	53	97	40	97	41	11	28	20	86	90	92	29	85	31	82	90	19	13	53	93	8	24	11	72	72	88	94	78	9	50	64	39	64	8	53	28	52	92	8	55	90	27	30	43	6	67	41	100	10	34	25	82	6	66	69	93	66	76	34	51	6	18	48	61	71	80	60	92	25	38	26	39	59	86	89	90	78	88	5	98	49	83	87	58	16	
24	34	24	44	1	78	2	67	37	46	62	52	9	36	70	31	9	95	84	87	13	82	31	78	6	66	34	69	81	11	72	49	94	8	23	61	18	3	88	16	4	34	25	100	22	94	45	32	98	49	29	63	44	38	67	82	20	5	8	41	92	71	51	46	68	37	3	51	42	69	24	0	49	17	100	83	53	43	67	82	43	2	89	57	29	42	33	55	16	9	14	31	57	64	29	92	74	52	13	68	
13	98	12	26	18	19	70	48	19	14	85	72	77	12	60	56	67	21	12	42	77	10	39	55	45	55	55	91	49	74	90	45	91	83	72	31	11	60	77	54	78	64	1	82	94	91	89	78	36	73	56	91	65	74	19	76	93	32	32	13	26	73	59	42	41	43	8	0	77	1	63	28	86	61	90	68	23	33	71	25	28	58	60	34	59	51	33	84	8	7	48	12	1	57	76	31	23	63	70	59	
41	86	93	91	78	41	96	89	28	5	41	70	44	11	48	77	81	22	6	46	98	2	90	59	16	29	24	6	81	31	41	60	34	57	43	75	37	75	26	25	11	8	62	2	8	12	12	7	2	53	45	98	3	95	24	40	77	85	81	90	64	96	64	38	44	83	73	33	6	60	80	75	79	81	36	80	65	90	40	3	65	45	83	23	52	95	43	59	76	16	27	53	100	26	21	64	80	99	85	50	
25	100	20	29	24	74	28	30	32	73	12	32	8	20	62	44	5	6	96	81	75	90	47	54	3	47	90	6	74	87	82	24	94	13	8	13	17	18	73	16	27	10	1	79	79	5	51	84	38	11	57	40	14	68	96	97	60	40	71	25	51	44	83	77	23	94	13	8	59	59	73	29	100	63	5	48	59	90	30	3	52	90	39	44	78	43	46	74	70	31	17	50	71	39	24	36	72	12	16	52	
100	99	15	33	28	60	55	15	74	70	13	16	93	87	77	58	23	40	67	54	42	59	35	85	18	78	1	35	55	55	31	9	47	11	97	0	81	6	74	77	85	59	11	36	100	28	67	34	1	38	14	47	88	60	11	94	6	8	54	95	16	74	84	62	97	80	55	44	80	46	21	83	40	72	41	60	27	78	83	8	51	77	72	3	78	10	34	60	58	50	73	17	10	73	75	30	0	67	95	15	
71	36	49	17	83	59	97	9	4	80	59	26	5	93	69	92	55	42	7	95	90	86	4	27	90	25	60	54	63	21	23	71	39	97	87	9	81	97	80	90	35	70	2	32	6	90	75	43	16	51	24	39	33	10	2	24	2	59	12	7	57	71	38	94	61	41	69	36	13	32	10	82	37	49	20	57	58	39	9	2	52	10	82	98	4	83	88	11	44	63	95	43	85	43	37	83	53	61	83	60	
36	7	59	18	20	88	35	91	37	19	91	90	51	68	49	78	90	21	59	20	91	0	85	43	55	58	75	28	94	79	81	11	73	98	29	39	79	48	56	10	9	61	100	73	29	73	40	27	91	24	44	38	7	25	70	3	79	49	79	71	19	98	52	38	24	93	5	98	73	13	51	30	65	97	11	25	48	59	30	74	93	94	90	46	12	59	85	71	83	12	36	88	11	9	56	67	59	0	18	14	
25	72	35	55	35	86	89	42	12	88	21	65	83	67	57	81	80	83	35	77	38	5	38	11	14	31	62	44	1	63	1	22	74	36	5	45	52	34	87	16	91	59	84	30	90	93	17	52	43	49	100	2	90	19	46	98	48	62	41	95	74	71	26	72	89	41	77	74	46	96	51	98	20	78	24	4	4	21	60	91	39	18	31	78	75	75	65	1	6	88	94	33	42	43	92	98	20	48	54	60	
79	8	37	3	49	93	18	75	43	36	16	36	8	16	58	63	27	96	20	87	13	38	81	5	59	67	100	37	77	35	76	3	8	71	66	43	87	25	10	63	26	43	22	31	89	86	64	29	18	22	29	19	82	75	82	97	13	5	36	12	75	67	22	81	74	91	89	100	74	23	98	60	41	100	95	64	72	32	28	42	88	26	77	9	78	1	76	34	66	55	56	15	34	20	87	37	63	17	35	2	
14	41	8	43	73	73	83	82	62	94	74	38	21	4	8	50	72	32	19	33	72	89	55	53	77	9	13	5	49	51	23	72	11	8	46	49	18	2	60	65	90	86	39	79	92	72	89	95	46	21	98	46	10	67	27	57	20	74	52	95	95	67	94	37	84	19	93	79	60	12	31	36	69	98	95	14	38	25	28	83	68	17	39	54	78	74	6	0	9	95	15	20	23	1	4	21	12	45	0	90	
77	4	8	65	99	28	28	92	64	16	80	73	84	41	33	20	10	4	53	70	23	98	5	42	67	39	82	88	17	16	79	21	43	86	50	90	75	85	87	35	70	49	3	74	69	7	28	85	93	52	92	56	50	42	49	90	95	51	69	20	32	42	20	55	96	55	4	43	36	7	92	12	75	84	4	16	39	48	13	40	11	35	89	34	23	69	77	70	95	100	53	53	74	63	44	67	52	46	52	1	
33	74	82	97	60	92	71	77	97	84	47	6	91	46	29	53	78	62	33	95	9	60	19	90	14	24	17	14	68	3	97	88	40	10	20	59	72	78	5	3	61	65	3	35	98	87	55	54	39	62	4	1	6	55	59	27	38	39	75	49	54	48	16	4	89	3	40	31	6	7	100	68	49	67	7	86	53	69	67	32	32	48	94	40	9	69	71	37	78	96	34	12	29	50	5	63	0	96	99	94	
11	44	1	23	20	72	45	56	71	27	0	35	49	34	98	92	3	16	19	19	64	97	72	37	75	86	74	16	20	82	6	48	30	20	13	34	64	88	74	75	23	46	76	58	62	84	16	73	45	3	49	70	58	10	97	19	9	47	64	88	89	98	86	12	40	56	12	24	7	16	50	86	99	97	71	97	95	42	30	1	27	4	25	83	16	44	99	40	77	58	41	50	89	6	48	83	56	86	57	16	
54	26	58	40	45	86	73	34	88	83	3	54	76	32	49	42	61	74	60	2	6	97	52	6	99	43	32	83	74	91	15	53	81	73	54	66	33	90	69	13	77	25	90	31	79	34	18	100	57	79	31	32	84	68	13	53	9	53	95	50	97	24	30	19	16	26	22	70	88	32	39	63	49	6	93	96	93	85	81	86	28	43	13	7	55	90	59	36	97	14	17	64	79	82	55	65	49	61	99	52	
34	39	31	11	83	42	42	98	80	77	49	24	74	16	1	46	50	39	25	67	45	67	55	50	19	40	51	12	15	9	82	58	44	56	93	42	82	19	98	15	28	2	37	45	59	48	23	54	81	71	2	66	12	90	55	15	6	61	32	84	83	72	9	64	44	23	27	38	51	64	53	77	67	42	78	53	37	50	58	32	37	64	57	65	91	65	95	62	45	36	82	84	54	9	15	95	76	97	39	32	
53	32	10	94	73	13	22	73	20	19	100	60	81	56	74	29	57	15	13	20	4	80	69	71	44	3	25	40	83	10	59	24	91	64	38	59	89	71	87	75	65	44	12	82	52	16	51	50	48	55	38	91	73	74	9	33	92	91	87	68	14	50	89	40	38	31	5	68	87	86	67	58	16	62	19	33	95	93	28	71	28	49	3	51	1	67	76	38	48	56	44	44	23	22	18	80	98	70	0	5	
30	53	94	87	10	75	83	48	18	96	84	0	57	13	84	32	16	74	90	44	69	14	96	62	51	46	96	94	23	43	97	90	84	70	94	83	92	55	37	83	80	40	57	67	20	95	33	29	86	42	30	66	65	44	37	96	46	34	67	72	68	80	73	13	20	30	21	11	69	94	30	75	51	57	69	79	80	85	27	79	32	67	79	57	71	82	3	100	19	32	62	64	9	12	4	24	96	16	67	80	
38	3	11	44	22	24	21	25	10	80	79	81	53	38	34	83	27	44	91	82	12	73	18	82	1	57	91	5	61	86	20	29	16	90	36	6	66	18	14	30	39	21	48	20	100	85	73	32	7	99	100	36	38	37	94	73	1	49	85	86	83	68	56	39	28	24	81	62	96	72	81	26	84	40	76	6	9	79	91	86	23	22	76	94	16	40	8	93	80	3	99	19	8	89	49	54	31	49	77	96	
75	38	7	25	52	95	21	16	81	34	23	81	69	47	80	7	95	74	11	86	54	55	86	64	61	96	72	29	57	92	74	36	84	51	29	84	20	24	25	7	53	50	40	59	88	42	52	37	0	56	48	46	29	76	40	1	44	49	34	10	35	13	20	71	20	0	96	32	78	91	38	88	43	54	42	82	62	98	28	2	54	32	87	96	75	39	57	93	100	9	44	90	52	6	44	58	53	30	73	5	
10	16	9	57	3	6	16	37	86	2	28	71	97	80	46	65	53	65	56	91	4	32	76	69	16	92	6	3	22	14	89	17	57	6	56	43	87	13	65	27	0	100	36	7	86	85	24	66	29	5	21	70	99	58	89	55	82	70	16	73	4	90	46	47	2	52	27	80	37	99	73	77	1	63	99	98	22	42	99	93	36	36	53	89	78	18	1	59	80	90	84	3	23	55	80	88	90	26	63	96	
69	18	0	10	63	22	79	16	98	12	72	72	79	37	92	12	11	35	70	31	68	13	2	79	83	80	67	15	41	52	17	2	82	0	74	83	28	0	34	72	47	28	32	3	88	33	92	39	88	17	25	90	18	64	39	17	77	61	63	16	99	23	10	94	44	27	16	61	98	54	34	48	47	86	3	13	22	7	69	2	94	62	94	56	58	80	70	21	89	90	86	82	38	86	46	44	58	18	36	65	
92	50	66	53	11	94	50	50	57	5	35	88	74	57	28	13	78	79	8	73	89	72	92	72	84	2	75	98	57	63	82	31	51	48	84	65	76	33	42	27	34	58	96	27	23	31	15	5	61	66	41	15	27	46	80	39	43	89	92	73	26	32	69	27	59	92	24	77	90	61	69	11	10	12	100	11	70	50	79	0	5	36	100	3	32	44	90	93	57	24	14	48	23	4	12	25	30	65	18	70	
13	65	41	28	15	44	49	84	3	80	61	69	65	62	86	34	59	58	79	67	50	9	59	45	51	25	90	1	1	85	33	87	76	89	82	70	98	87	86	83	8	14	11	11	43	28	49	95	48	87	45	66	89	57	29	90	68	31	10	60	49	47	98	82	79	47	49	39	40	60	0	18	38	8	16	73	49	17	84	89	14	15	59	63	39	90	53	30	10	51	16	44	41	6	33	55	6	100	27	15	
7	41	99	22	76	1	4	4	95	6	67	26	10	48	46	19	71	23	96	22	21	69	37	28	41	16	26	41	21	71	65	54	17	93	55	62	79	18	29	30	83	99	46	89	35	54	97	28	29	43	62	98	53	76	67	30	34	97	46	35	90	24	12	84	38	59	98	77	56	14	78	21	42	14	99	74	24	85	1	64	100	23	83	37	94	19	52	92	90	88	77	52	16	88	78	25	64	82	14	59	
22	44	32	29	94	37	62	96	30	94	33	9	77	60	49	4	53	75	95	24	17	97	85	27	100	48	5	59	95	23	72	35	64	56	4	32	27	52	5	65	71	84	58	47	56	23	64	66	51	42	73	68	93	8	41	55	0	78	11	56	23	51	56	32	50	15	0	57	3	11	1	41	43	29	29	63	92	76	69	44	40	27	44	14	52	15	65	77	0	58	60	47	71	69	87	92	0	48	92	56	
41	15	37	7	42	66	13	86	82	18	24	19	50	29	31	30	34	47	52	24	73	75	12	100	88	24	58	26	96	74	76	48	47	100	93	67	27	82	35	32	64	19	33	52	78	67	100	95	69	10	11	97	73	27	11	32	19	49	63	12	97	38	39	97	65	51	3	79	31	76	55	54	20	38	15	99	89	19	21	31	34	26	52	75	49	97	83	23	46	0	57	89	74	45	64	23	51	66	81	26	
38	18	33	4	11	54	90	13	3	89	89	14	52	28	93	6	5	40	51	53	0	100	93	52	17	69	77	80	33	1	72	14	68	50	76	17	53	59	54	20	9	88	45	8	79	77	85	69	49	19	19	55	0	58	21	79	75	70	35	78	51	99	58	13	92	19	52	93	86	1	70	34	29	8	2	85	16	34	100	61	74	94	48	97	34	33	47	83	83	77	93	13	64	79	64	31	34	17	67	5	
92	69	72	38	22	77	79	21	29	31	46	66	81	36	90	68	8	76	70	84	58	47	37	17	28	84	39	16	2	22	46	8	44	89	4	63	92	43	72	12	39	57	52	51	26	39	67	70	95	77	70	13	14	14	87	61	35	57	67	25	38	52	25	31	4	18	49	85	11	50	4	0	64	13	15	30	37	28	47	4	62	39	52	99	49	31	32	17	35	29	86	66	52	47	28	1	32	67	44	40	
71	46	98	74	81	30	60	5	81	87	61	83	38	75	19	69	93	93	25	86	46	82	5	99	87	50	39	76	10	16	92	93	36	59	38	62	44	49	84	47	17	41	89	63	13	50	33	1	65	18	73	88	83	64	17	82	0	7	36	69	48	56	89	11	61	74	4	46	37	67	23	93	99	35	10	62	7	59	20	54	85	61	34	32	100	84	36	68	35	37	2	24	46	59	38	96	62	60	97	4	
0	52	51	66	59	71	99	63	17	46	42	21	35	59	72	17	93	35	12	7	67	91	37	11	41	4	40	65	6	72	30	37	46	1	5	39	41	86	65	83	73	71	72	10	28	30	7	52	9	98	49	51	21	72	90	7	5	47	76	57	47	3	57	7	49	22	24	30	43	15	74	63	59	72	80	13	64	17	22	70	52	72	28	82	69	13	41	15	0	57	80	63	8	48	64	39	77	63	34	63	
96	97	53	55	99	77	84	6	97	69	30	80	58	67	28	94	18	32	16	3	16	40	69	63	93	56	43	56	57	12	57	10	30	16	60	14	42	90	87	30	77	61	53	41	53	18	17	92	98	57	17	89	39	1	6	49	97	40	83	50	75	21	54	4	31	26	77	2	70	21	68	12	22	3	31	57	5	1	59	33	26	53	45	43	8	18	11	45	2	85	55	53	3	6	90	18	55	14	73	77	
70	85	46	24	44	43	3	79	85	2	19	44	81	57	40	12	70	95	36	7	69	18	84	0	54	59	97	18	40	99	44	49	45	48	2	71	69	15	38	37	74	35	92	21	65	4	48	99	43	78	95	24	37	46	72	9	80	68	67	92	87	97	53	28	86	46	42	3	54	77	13	74	76	57	96	38	43	91	1	16	41	83	66	46	22	95	28	29	60	4	27	30	85	66	15	2	57	40	23	86	
20	20	96	11	37	90	67	86	33	36	60	80	41	31	83	24	67	2	70	77	34	12	32	33	37	40	3	10	92	63	81	100	21	27	85	73	72	54	61	11	57	0	95	93	79	10	56	51	5	100	83	98	77	15	31	51	53	67	88	99	69	31	35	26	13	62	62	11	55	98	13	31	84	74	53	45	67	70	31	66	41	65	77	33	25	76	57	25	53	36	36	38	52	10	39	84	5	23	87	34	
44	48	6	3	14	56	86	4	36	24	9	39	40	4	30	98	92	35	71	94	78	1	99	32	57	70	37	76	6	1	31	41	37	73	30	3	43	67	96	39	30	90	77	67	9	97	38	18	46	96	1	37	48	76	86	88	19	18	96	15	83	82	62	65	18	26	88	65	85	77	14	92	78	14	57	80	19	93	8	57	92	19	25	93	13	27	98	81	90	36	25	82	24	8	19	83	43	55	20	16	
41	56	55	11	63	24	55	75	39	35	64	84	84	18	4	38	79	63	20	43	77	5	97	49	37	80	76	48	94	80	94	93	86	77	41	83	83	16	9	43	37	1	86	30	15	64	78	91	2	77	19	77	46	72	90	26	29	8	4	38	20	30	22	81	80	86	4	71	87	93	72	30	95	25	46	85	44	97	27	32	90	18	76	71	0	65	48	92	82	16	68	71	5	49	52	86	45	37	95	49	
97	4	51	79	73	15	53	85	58	31	17	24	69	64	52	93	44	40	84	69	64	35	76	15	55	14	96	45	41	7	53	21	16	27	81	75	58	5	75	10	19	62	64	24	58	61	96	98	1	20	47	75	55	99	96	35	61	9	77	16	61	4	68	28	80	90	57	35	26	94	96	67	98	48	75	15	82	32	52	33	63	83	58	0	6	20	54	65	85	100	75	70	18	85	15	66	88	87	69	47	
1	14	8	69	86	7	92	72	12	47	38	20	27	44	7	66	86	3	46	70	86	66	75	12	82	57	36	72	31	60	16	18	38	64	92	8	35	60	69	95	70	17	55	89	60	47	1	53	95	59	51	22	33	95	22	98	99	52	34	59	57	3	21	65	56	16	79	60	33	2	27	51	64	10	93	18	37	99	16	27	50	4	88	86	2	35	94	40	95	56	23	95	60	59	14	25	94	42	61	7	
6	85	64	85	60	81	19	35	31	45	97	12	55	0	76	47	7	64	31	27	64	8	69	57	86	33	65	100	4	90	74	16	92	38	83	21	5	78	54	92	66	71	48	32	23	25	83	81	57	81	97	92	35	2	54	2	7	53	36	82	3	66	98	89	86	4	52	66	34	2	42	29	72	42	8	51	45	88	63	95	27	38	36	95	92	10	72	28	1	77	70	89	68	68	5	84	36	26	33	58	
95	94	38	81	49	65	16	80	37	66	71	100	49	20	64	68	2	68	84	27	30	24	75	43	93	37	28	51	4	56	97	33	39	53	15	74	63	97	39	23	5	81	4	78	21	33	70	35	67	90	36	47	29	96	79	18	31	91	43	10	0	64	55	3	76	69	60	29	16	62	77	89	29	63	6	100	42	79	47	31	91	6	99	10	9	38	97	31	47	74	43	63	79	85	99	63	18	77	0	85	
64	9	13	92	58	23	38	59	25	0	71	22	39	3	98	83	86	94	1	48	68	69	2	54	49	44	99	54	84	48	8	89	74	35	30	43	99	15	22	59	31	62	59	58	82	20	39	7	72	74	66	7	49	88	25	90	19	50	94	84	46	90	75	9	38	19	12	42	1	12	75	86	41	84	16	46	66	48	22	51	27	96	7	37	3	40	48	68	97	97	99	18	69	61	25	38	67	36	80	83	
74	73	6	75	9	6	15	89	59	17	0	90	78	98	82	37	99	71	59	82	83	67	90	18	67	90	43	28	73	51	67	87	59	27	37	83	50	28	6	30	57	28	86	28	89	83	2	43	38	26	37	66	19	46	62	3	54	30	4	92	77	25	46	83	26	1	72	29	80	47	14	67	67	97	42	79	55	61	12	93	3	35	2	48	71	4	43	89	71	10	3	71	51	68	36	19	82	89	35	80	
7	50	48	6	66	76	18	94	28	88	84	94	99	83	32	57	7	39	24	74	55	67	88	92	76	100	25	36	70	18	78	29	54	48	88	49	34	26	67	12	96	17	73	82	98	79	76	3	82	29	80	24	88	78	88	23	91	22	3	80	2	69	35	25	88	72	97	74	87	35	100	24	12	50	54	60	32	86	9	9	22	15	33	39	60	10	54	35	70	78	100	38	70	67	54	15	51	41	15	46	
10	36	50	59	88	93	82	27	36	36	62	77	94	57	9	84	76	97	89	99	8	0	50	41	33	37	5	99	82	78	55	90	33	50	21	5	65	49	96	11	84	38	74	6	34	88	33	53	9	99	93	63	66	49	94	93	92	4	8	65	44	41	55	60	10	32	95	89	85	27	70	15	76	97	52	26	49	33	79	47	41	30	18	81	7	66	23	25	4	65	10	2	95	96	78	7	73	16	64	37	
34	7	46	73	87	50	41	57	5	61	4	46	99	32	73	75	53	9	34	64	35	87	17	51	81	86	23	72	58	51	9	56	92	99	6	11	2	27	23	43	21	67	44	5	66	54	39	96	19	91	63	37	13	54	64	80	18	0	1	64	18	59	1	59	19	4	64	78	1	39	52	8	26	48	8	0	92	1	3	27	15	58	22	88	37	78	11	71	76	33	79	76	81	9	78	11	99	1	56	10	
32	74	95	68	80	89	33	14	5	100	75	4	19	25	58	51	17	91	48	68	43	40	4	6	91	6	53	29	62	14	10	89	43	67	83	18	4	45	81	47	72	85	98	9	48	32	62	27	62	25	55	33	42	73	94	52	0	74	69	1	48	91	94	69	38	61	7	31	74	4	27	67	6	96	56	23	52	90	77	97	13	3	24	68	0	96	51	7	26	99	22	36	40	81	4	89	37	69	51	57	
19	77	50	9	78	4	49	63	6	45	6	100	45	21	43	96	5	28	24	99	35	54	97	64	42	14	24	83	67	76	62	89	59	35	2	11	3	31	91	2	89	19	1	87	40	80	58	50	43	96	91	97	3	87	72	31	16	47	52	19	20	10	98	31	63	54	72	33	3	60	76	40	47	19	2	18	71	69	58	37	48	88	100	0	18	90	78	42	21	63	14	62	42	48	18	7	27	35	47	59	
27	34	79	60	50	13	93	96	55	66	30	67	68	27	32	5	50	83	69	35	24	12	79	58	46	2	81	97	97	43	76	62	89	69	55	28	7	53	11	55	55	58	16	89	74	51	0	70	18	83	88	13	19	100	43	6	98	24	92	69	31	91	23	24	91	40	89	69	55	60	23	11	47	88	75	57	69	8	83	5	66	83	23	12	53	1	47	59	33	22	28	42	63	12	90	1	99	30	84	0	
43	4	54	36	59	32	27	76	53	47	18	65	42	87	84	94	78	48	98	34	4	9	22	14	86	48	37	13	11	25	20	65	30	32	30	63	71	80	34	38	24	16	2	85	89	17	40	47	29	80	89	38	37	81	44	11	53	64	86	16	23	68	34	16	4	46	6	29	49	86	75	42	90	98	1	1	21	36	33	75	64	22	80	1	54	78	41	20	76	54	38	31	71	12	55	75	72	10	34	27	
46	33	13	86	14	2	14	28	90	27	94	96	91	78	66	3	79	8	17	93	18	100	79	89	55	41	91	10	57	29	58	69	97	29	19	11	68	4	12	45	26	12	96	45	47	32	97	30	38	11	71	46	62	7	72	74	24	44	85	94	43	28	37	45	68	12	29	73	71	6	14	63	29	78	61	69	24	21	53	1	98	66	13	93	53	0	10	81	91	93	79	1	45	29	6	1	57	100	26	75	
32	98	57	46	80	94	90	48	8	5	71	47	28	41	94	72	74	34	50	71	11	44	47	47	26	19	14	78	34	28	48	33	84	89	2	75	6	35	81	1	40	74	41	5	63	22	36	35	98	63	55	83	90	40	82	14	8	27	73	46	37	74	50	79	40	95	55	91	3	88	36	23	62	42	74	27	37	48	74	66	15	50	85	75	66	89	76	7	95	50	41	52	1	31	48	97	84	20	13	79	
79	34	22	70	74	78	13	59	39	81	74	8	95	14	81	63	7	95	13	96	5	97	79	1	11	49	24	24	0	27	60	91	25	7	95	25	72	99	79	44	96	13	55	42	100	98	30	33	78	12	40	58	22	41	81	42	96	33	37	36	33	37	73	68	6	12	39	73	93	51	47	4	63	84	90	17	25	69	91	62	39	85	80	21	96	34	29	67	83	54	56	18	6	55	93	92	39	14	53	46	
30	20	10	86	82	10	52	18	19	7	6	39	7	66	4	3	68	58	12	80	34	52	23	95	42	37	77	27	70	54	49	88	44	9	7	43	70	65	41	50	10	11	48	56	34	52	74	64	1	20	82	49	9	49	7	61	6	31	97	63	15	2	76	47	70	7	21	78	84	65	80	15	4	94	92	47	60	7	30	50	42	9	43	18	35	22	6	4	29	62	34	53	43	40	51	14	18	2	81	59	
40	44	53	90	75	32	79	54	11	20	44	15	10	38	31	78	27	60	84	32	95	40	90	32	19	12	99	29	25	3	98	90	80	9	52	6	7	32	0	1	32	46	73	95	39	0	22	63	31	68	60	11	62	67	44	35	36	37	37	65	51	66	96	96	89	43	46	60	10	41	95	29	63	81	64	9	70	86	66	86	21	38	26	8	41	43	23	74	12	84	71	36	0	100	35	20	68	16	55	76	
72	28	54	81	20	35	31	15	63	12	33	27	36	78	19	94	9	92	6	32	90	66	91	51	75	28	13	67	92	88	48	95	34	94	97	2	68	7	97	16	29	6	7	96	100	54	18	96	88	22	9	62	88	12	60	77	82	38	23	90	18	25	86	75	20	100	4	43	56	41	49	23	84	2	60	65	14	82	47	83	73	76	44	6	80	83	76	53	3	97	66	90	54	61	23	20	45	39	36	25	
51	17	71	94	18	10	97	37	72	48	44	40	3	32	14	75	51	67	23	11	32	10	48	92	46	19	72	16	4	41	2	59	5	21	47	70	81	5	50	82	65	25	92	58	31	15	12	0	20	93	92	65	71	37	88	96	89	11	15	56	69	11	67	33	66	51	25	6	69	69	98	45	4	53	24	96	44	98	8	68	8	100	98	3	65	43	37	71	35	20	38	28	38	70	48	54	85	30	66	18	
59	71	25	8	15	17	37	58	16	83	68	28	76	80	9	60	53	10	20	66	66	11	21	0	21	6	29	10	74	68	20	66	18	19	52	38	69	11	40	57	79	66	60	88	97	28	85	1	7	73	42	25	69	76	34	93	77	68	11	75	71	11	31	78	35	12	45	67	97	42	69	79	78	13	75	88	24	79	27	74	8	14	86	66	32	52	30	69	17	3	12	49	80	88	36	70	93	83	75	74	
55	9	45	22	22	5	89	96	63	44	9	91	100	46	7	57	2	44	35	80	82	25	44	50	0	98	99	99	7	85	23	20	70	53	50	46	10	77	60	2	27	29	20	5	61	48	87	64	87	75	3	10	77	50	14	43	79	48	47	58	22	13	58	40	29	67	36	90	73	82	100	25	9	72	40	72	53	96	29	34	54	15	63	24	35	62	88	87	12	50	10	43	76	35	26	10	61	88	64	54	
73	94	32	50	13	68	45	66	41	66	71	93	43	41	21	54	50	19	57	59	10	27	39	21	50	42	23	70	0	66	4	60	16	59	57	99	51	22	90	13	77	15	74	86	43	84	75	15	6	74	61	9	8	3	54	24	0	68	91	17	99	35	18	68	34	69	30	46	5	49	9	99	25	18	44	92	65	55	88	18	73	95	95	31	80	76	94	53	93	93	1	66	31	54	64	36	22	55	54	3	
51	45	52	48	21	73	57	70	83	26	13	67	72	16	11	76	60	14	83	1	25	42	9	95	99	71	85	30	34	44	94	53	74	80	78	62	63	36	76	70	21	48	93	9	81	43	64	53	42	19	79	63	54	3	32	57	0	47	33	3	19	48	31	34	40	22	88	8	25	70	45	70	82	84	38	59	100	98	99	89	18	82	24	76	62	83	40	27	60	14	70	95	26	54	39	8	44	68	4	87	
